 Corr.Time[ms]           Correlation(1->2+2->1)  Weighting(1->2+2->1)    Correlation(1->2)       Weighting(1->2)         Correlation(2->1)       Weighting(2->1)
 1.42501818481832E-0003 -1.00000000000000E+0000  2.57056434385242E+0000 -1.00000000000000E+0000  2.57056434385242E+0000 -1.00000000000000E+0000  2.57056434385242E+0000
 1.52501941192895E-0003 -1.00000000000000E+0000  2.57056434385242E+0000 -1.00000000000000E+0000  2.57056434385242E+0000 -1.00000000000000E+0000  2.57056434385242E+0000
 1.62502075545490E-0003 -1.00000000000000E+0000  2.57056434385242E+0000 -1.00000000000000E+0000  2.57056434385242E+0000 -1.00000000000000E+0000  2.57056434385242E+0000
 1.72502198256552E-0003 -1.00000000000000E+0000  2.57056434385242E+0000 -1.00000000000000E+0000  2.57056434385242E+0000 -1.00000000000000E+0000  2.57056434385242E+0000
 1.82502320967615E-0003 -1.00000000000000E+0000  2.57056434385242E+0000 -1.00000000000000E+0000  2.57056434385242E+0000 -1.00000000000000E+0000  2.57056434385242E+0000
 1.97502505034208E-0003 -1.00000000000000E+0000  2.57056434385242E+0000 -1.00000000000000E+0000  2.57056434385242E+0000 -1.00000000000000E+0000  2.57056434385242E+0000
 2.17502773739398E-0003 -1.00000000000000E+0000  2.57056434385242E+0000 -1.00000000000000E+0000  2.57056434385242E+0000 -1.00000000000000E+0000  2.57056434385242E+0000
 2.37503019161522E-0003 -1.00000000000000E+0000  2.57056434385242E+0000 -1.00000000000000E+0000  2.57056434385242E+0000 -1.00000000000000E+0000  2.57056434385242E+0000
 2.57503287866712E-0003  4.62652363507580E+0000  2.19843899030617E-0001  4.62652363507580E+0000  2.19843899030617E-0001  4.62652363507580E+0000  2.19843899030617E-0001
 2.77503533288836E-0003  4.84741406984004E+0000  2.00349970255752E-0001  4.84741406984004E+0000  2.00349970255752E-0001  4.84741406984004E+0000  2.00349970255752E-0001
 2.97503801994026E-0003  9.90870909199128E+0000  1.73930952251954E-0001  9.90870909199128E+0000  1.73930952251954E-0001  9.90870909199128E+0000  1.73930952251954E-0001
 3.17504047416151E-0003 -1.00000000000000E+0000  2.57056434385242E+0000 -1.00000000000000E+0000  2.57056434385242E+0000 -1.00000000000000E+0000  2.57056434385242E+0000
 3.37504292838275E-0003  4.62652616262843E+0000  2.19843804534932E-0001  4.62652616262843E+0000  2.19843804534932E-0001  4.62652616262843E+0000  2.19843804534932E-0001
 3.57504561543465E-0003 -1.00000000000000E+0000  2.57056434385242E+0000 -1.00000000000000E+0000  2.57056434385242E+0000 -1.00000000000000E+0000  2.57056434385242E+0000
 3.77504806965590E-0003 -1.00000000000000E+0000  2.57056434385242E+0000 -1.00000000000000E+0000  2.57056434385242E+0000 -1.00000000000000E+0000  2.57056434385242E+0000
 4.07505175098777E-0003  1.92370924652948E+0000  3.86469691229730E-0001  1.92370924652948E+0000  3.86469691229730E-0001  1.92370924652948E+0000  3.86469691229730E-0001
 4.47505712509155E-0003  2.60295413014826E+0000  1.19234274597541E-0001  2.60295413014826E+0000  1.19234274597541E-0001  2.60295413014826E+0000  1.19234274597541E-0001
 4.87506203353405E-0003  1.92371051030782E+0000  3.86469536775885E-0001  1.92371051030782E+0000  3.86469536775885E-0001  1.92371051030782E+0000  3.86469536775885E-0001
 5.27506740763783E-0003  7.55024362371737E+0000  2.19078724863887E-0001  7.55024362371737E+0000  2.19078724863887E-0001  7.55024362371737E+0000  2.19078724863887E-0001
 5.67507231608033E-0003  1.92371177408726E+0000  3.86469382322029E-0001  1.92371177408726E+0000  3.86469382322029E-0001  1.92371177408726E+0000  3.86469382322029E-0001
 6.07507722452283E-0003 -1.00000000000000E+0000  2.57056434385242E+0000 -1.00000000000000E+0000  2.57056434385242E+0000 -1.00000000000000E+0000  2.57056434385242E+0000
 6.47508259862661E-0003  1.92371303786778E+0000  3.86469227868163E-0001  1.92371303786778E+0000  3.86469227868163E-0001  1.92371303786778E+0000  3.86469227868163E-0001
 6.87508750706911E-0003  1.12636540293222E+0001  1.41139583852679E-0001  1.12636540293222E+0001  1.41139583852679E-0001  1.12636540293222E+0001  1.41139583852679E-0001
 7.27509288117290E-0003  1.92371430164940E+0000  3.86469073414284E-0001  1.92371430164940E+0000  3.86469073414284E-0001  1.92371430164940E+0000  3.86469073414284E-0001
 7.67509778961539E-0003  1.81327003210427E+0000  4.20441687100844E-0001  1.81327003210427E+0000  4.20441687100844E-0001  1.81327003210427E+0000  4.20441687100844E-0001
 8.27510561794043E-0003  3.52866632995332E+0000  2.96415065175595E-0001  3.52866632995332E+0000  2.96415065175595E-0001  3.52866632995332E+0000  2.96415065175595E-0001
 9.07511543482542E-0003 -1.00000000000000E+0000  2.57056434385242E+0000 -1.00000000000000E+0000  2.57056434385242E+0000 -1.00000000000000E+0000  2.57056434385242E+0000
 9.87512618303299E-0003  3.52867011729858E+0000  2.96414842124605E-0001  3.52867011729858E+0000  2.96414842124605E-0001  3.52867011729858E+0000  2.96414842124605E-0001
 1.06751359999179E-0002  1.64110469430765E+0000  3.76287913764875E-0001  1.64110469430765E+0000  3.76287913764875E-0001  1.64110469430765E+0000  3.76287913764875E-0001
 1.14751458168029E-0002  1.78241360327794E+0000  5.98125124071745E-0001  1.78241360327794E+0000  5.98125124071745E-0001  1.78241360327794E+0000  5.98125124071745E-0001
 1.22751565650105E-0002  1.92372251625654E+0000  3.86468069463800E-0001  1.92372251625654E+0000  3.86468069463800E-0001  1.92372251625654E+0000  3.86468069463800E-0001
 1.30751663818955E-0002  6.39717902133861E+0000  3.96041662202527E-0001  6.39717902133861E+0000  3.96041662202527E-0001  6.39717902133861E+0000  3.96041662202527E-0001
 1.38751771301031E-0002 -1.00000000000000E+0000  2.57056434385242E+0000 -1.00000000000000E+0000  2.57056434385242E+0000 -1.00000000000000E+0000  2.57056434385242E+0000
 1.46751869469881E-0002  6.65072225564685E+0000  1.34170319983821E-0001  6.65072225564685E+0000  1.34170319983821E-0001  6.65072225564685E+0000  1.34170319983821E-0001
 1.54751967638731E-0002  5.24408407612314E+0000  1.26180656357158E-0001  5.24408407612314E+0000  1.26180656357158E-0001  5.24408407612314E+0000  1.26180656357158E-0001
 1.66752133518457E-0002  1.75481121044111E+0000  7.33052779830584E-0001  1.75481121044111E+0000  7.33052779830584E-0001  1.75481121044111E+0000  7.33052779830584E-0001
 1.82752329856157E-0002  2.48574689068054E+0000  6.41686748268997E-0001  2.48574689068054E+0000  6.41686748268997E-0001  2.48574689068054E+0000  6.41686748268997E-0001
 1.98752526193857E-0002  4.79314002402967E+0000  1.87213735604289E+0000  4.79314002402967E+0000  1.87213735604289E+0000  4.79314002402967E+0000  1.87213735604289E+0000
 2.14752741158009E-0002  3.03233733462992E+0000  3.14738936413273E-0001  3.03233733462992E+0000  3.14738936413273E-0001  3.03233733462992E+0000  3.14738936413273E-0001
 2.30752937495708E-0002  1.99528620735012E+0000  8.41582602049104E-0001  1.99528620735012E+0000  8.41582602049104E-0001  1.99528620735012E+0000  8.41582602049104E-0001
 2.46753152459860E-0002  1.77025521934065E+0000  5.56641147691879E-0001  1.77025521934065E+0000  5.56641147691879E-0001  1.77025521934065E+0000  5.56641147691879E-0001
 2.62753348797560E-0002  3.55632111016651E+0000  3.09006012513616E-0001  3.55632111016651E+0000  3.09006012513616E-0001  3.55632111016651E+0000  3.09006012513616E-0001
 2.78753545135260E-0002  1.77026027057564E+0000  5.56640295340285E-0001  1.77026027057564E+0000  5.56640295340285E-0001  1.77026027057564E+0000  5.56640295340285E-0001
 2.94753760099411E-0002  4.50966279854993E+0000  4.14384819797726E-0001  4.50966279854993E+0000  4.14384819797726E-0001  4.50966279854993E+0000  4.14384819797726E-0001
 3.10753956437111E-0002  1.33501447317651E+0000  6.62761516143797E-0001  1.33501447317651E+0000  6.62761516143797E-0001  1.33501447317651E+0000  6.62761516143797E-0001
 3.34754250943661E-0002  3.63613872407392E-0001  1.04010615723519E+0000  3.63613872407392E-0001  1.04010615723519E+0000  3.63613872407392E-0001  1.04010615723519E+0000
 3.66754680871964E-0002  1.17946266700495E+0000  3.03833970542004E+0000  1.17946266700495E+0000  3.03833970542004E+0000  1.17946266700495E+0000  3.03833970542004E+0000
 3.98755073547363E-0002  3.36502281615222E+0000  7.58016783613224E-0001  3.36502281615222E+0000  7.58016783613224E-0001  3.36502281615222E+0000  7.58016783613224E-0001
 4.30755503475666E-0002  7.42898689621340E-0001  1.04791860526380E+0000  7.42898689621340E-0001  1.04791860526380E+0000  7.42898689621340E-0001  1.04791860526380E+0000
 4.62755896151066E-0002  4.94106958719256E+0000  5.77679390316764E-0001  4.94106958719256E+0000  5.77679390316764E-0001  4.94106958719256E+0000  5.77679390316764E-0001
 4.94756288826466E-0002  3.87749376275752E+0000  5.48958436466473E-0001  3.87749376275752E+0000  5.48958436466473E-0001  3.87749376275752E+0000  5.48958436466473E-0001
 5.26756718754768E-0002  3.16285470138454E+0000  4.77841439283756E-0001  3.16285470138454E+0000  4.77841439283756E-0001  3.16285470138454E+0000  4.77841439283756E-0001
 5.58757111430168E-0002  1.79020124235752E+0000  7.92528861723673E-0001  1.79020124235752E+0000  7.92528861723673E-0001  1.79020124235752E+0000  7.92528861723673E-0001
 5.90757541358471E-0002  3.18145157890624E+0000  5.32703121443084E-0001  3.18145157890624E+0000  5.32703121443084E-0001  3.18145157890624E+0000  5.32703121443084E-0001
 6.22757934033871E-0002  2.84522077859061E+0000  6.35330968112747E-0001  2.84522077859061E+0000  6.35330968112747E-0001  2.84522077859061E+0000  6.35330968112747E-0001
 6.70758560299873E-0002  2.57905903079697E+0000  7.24896230982641E-0001  2.57905903079697E+0000  7.24896230982641E-0001  2.57905903079697E+0000  7.24896230982641E-0001
 7.34759345650673E-0002  2.04748228494675E+0000  5.88966220262558E-0001  2.04748228494675E+0000  5.88966220262558E-0001  2.04748228494675E+0000  5.88966220262558E-0001
 7.98760205507278E-0002  1.76001653420912E+0000  1.40636855996526E+0000  1.76001653420912E+0000  1.40636855996526E+0000  1.76001653420912E+0000  1.40636855996526E+0000
 8.62760990858078E-0002  2.72955515333639E+0000  1.05302880435839E+0000  2.72955515333639E+0000  1.05302880435839E+0000  2.72955515333639E+0000  1.05302880435839E+0000
 9.26761776208878E-0002  3.25024267553131E+0000  6.86946231045250E-0001  3.25024267553131E+0000  6.86946231045250E-0001  3.25024267553131E+0000  6.86946231045250E-0001
 9.90762636065483E-0002  4.20452317557341E+0000  5.39414977794031E-0001  4.20452317557341E+0000  5.39414977794031E-0001  4.20452317557341E+0000  5.39414977794031E-0001
 1.05476342141628E-0001  2.16674997409237E+0000  1.23090361086523E+0000  2.16674997409237E+0000  1.23090361086523E+0000  2.16674997409237E+0000  1.23090361086523E+0000
 1.11876428127288E-0001  2.30102243855403E+0000  7.92579565910435E-0001  2.30102243855403E+0000  7.92579565910435E-0001  2.30102243855403E+0000  7.92579565910435E-0001
 1.18276506662368E-0001  2.05795116536508E+0000  3.24690542863835E+0000  2.05795116536508E+0000  3.24690542863835E+0000  2.05795116536508E+0000  3.24690542863835E+0000
 1.24676585197448E-0001  2.96782417748665E+0000  8.54593169613181E-0001  2.96782417748665E+0000  8.54593169613181E-0001  2.96782417748665E+0000  8.54593169613181E-0001
 1.34276717901230E-0001  1.73858045092102E+0000  3.71507639757739E+0000  1.73858045092102E+0000  3.71507639757739E+0000  1.73858045092102E+0000  3.71507639757739E+0000
 1.47076874971390E-0001  3.12192766881153E+0000  1.15508773509752E+0000  3.12192766881153E+0000  1.15508773509752E+0000  3.12192766881153E+0000  1.15508773509752E+0000
 1.59877032041550E-0001  1.40438034055842E+0000  2.00503470923262E+0000  1.40438034055842E+0000  2.00503470923262E+0000  1.40438034055842E+0000  2.00503470923262E+0000
 1.72677204012871E-0001  2.60389474900439E+0000  5.84466857754554E-0001  2.60389474900439E+0000  5.84466857754554E-0001  2.60389474900439E+0000  5.84466857754554E-0001
 1.85477361083031E-0001  2.30751695843909E+0000  1.83912020699003E+0000  2.30751695843909E+0000  1.83912020699003E+0000  2.30751695843909E+0000  1.83912020699003E+0000
 1.98277533054352E-0001  2.59792027172504E+0000  4.45464892521666E+0000  2.59792027172504E+0000  4.45464892521666E+0000  2.59792027172504E+0000  4.45464892521666E+0000
 2.11077690124512E-0001  2.50464013703602E+0000  4.09778766532965E+0000  2.50464013703602E+0000  4.09778766532965E+0000  2.50464013703602E+0000  4.09778766532965E+0000
 2.23877847194672E-0001  2.59411287883407E+0000  2.24927035560349E+0000  2.59411287883407E+0000  2.24927035560349E+0000  2.59411287883407E+0000  2.24927035560349E+0000
 2.36678019165993E-0001  1.81975553387249E+0000  2.69573532189156E+0000  1.81975553387249E+0000  2.69573532189156E+0000  1.81975553387249E+0000  2.69573532189156E+0000
 2.49478176236153E-0001  2.53445361059603E+0000  1.20529081543552E+0000  2.53445361059603E+0000  1.20529081543552E+0000  2.53445361059603E+0000  1.20529081543552E+0000
 2.68678426742554E-0001  1.89236259590864E+0000  1.73838271544247E+0001  1.89236259590864E+0000  1.73838271544247E+0001  1.89236259590864E+0000  1.73838271544247E+0001
 2.94278740882874E-0001  1.58454759216974E+0000  2.40600117257267E+0000  1.58454759216974E+0000  2.40600117257267E+0000  1.58454759216974E+0000  2.40600117257267E+0000
 3.19879084825516E-0001  2.25853963173176E+0000  1.92183890224530E+0000  2.25853963173176E+0000  1.92183890224530E+0000  2.25853963173176E+0000  1.92183890224530E+0000
 3.45479398965836E-0001  2.38809784259434E+0000  3.63300019623088E+0000  2.38809784259434E+0000  3.63300019623088E+0000  2.38809784259434E+0000  3.63300019623088E+0000
 3.71079713106155E-0001  1.47773049769099E+0000  4.69649168626323E+0000  1.47773049769099E+0000  4.69649168626323E+0000  1.47773049769099E+0000  4.69649168626323E+0000
 3.96680057048798E-0001  2.08890681933267E+0000  1.14610628917937E+0000  2.08890681933267E+0000  1.14610628917937E+0000  2.08890681933267E+0000  1.14610628917937E+0000
 4.22280371189117E-0001  2.71678420373070E+0000  1.39130965944563E+0000  2.71678420373070E+0000  1.39130965944563E+0000  2.71678420373070E+0000  1.39130965944563E+0000
 4.47880715131760E-0001  2.02343900611340E+0000  3.11021997894493E+0000  2.02343900611340E+0000  3.11021997894493E+0000  2.02343900611340E+0000  3.11021997894493E+0000
 4.73481029272079E-0001  1.80662696443351E+0000  1.87309677626138E+0000  1.80662696443351E+0000  1.87309677626138E+0000  1.80662696443351E+0000  1.87309677626138E+0000
 4.99081373214722E-0001  2.05433763877515E+0000  4.28327902849389E+0000  2.05433763877515E+0000  4.28327902849389E+0000  2.05433763877515E+0000  4.28327902849389E+0000
 5.37481844425201E-0001  1.61852505361564E+0000  4.41995804270515E+0000  1.61852505361564E+0000  4.41995804270515E+0000  1.61852505361564E+0000  4.41995804270515E+0000
 5.88682472705841E-0001  1.67539178289624E+0000  3.44225870646000E+0000  1.67539178289624E+0000  3.44225870646000E+0000  1.67539178289624E+0000  3.44225870646000E+0000
 6.39883160591125E-0001  1.99645608499379E+0000  1.95462211855562E+0000  1.99645608499379E+0000  1.95462211855562E+0000  1.99645608499379E+0000  1.95462211855562E+0000
 6.91083788871765E-0001  1.91763514688534E+0000  2.15008940292380E+0000  1.91763514688534E+0000  2.15008940292380E+0000  1.91763514688534E+0000  2.15008940292380E+0000
 7.42284476757050E-0001  1.77433074363878E+0000  5.54824807784287E+0000  1.77433074363878E+0000  5.54824807784287E+0000  1.77433074363878E+0000  5.54824807784287E+0000
 7.93485105037689E-0001  1.50090625869446E+0000  2.43412789345680E+0000  1.50090625869446E+0000  2.43412789345680E+0000  1.50090625869446E+0000  2.43412789345680E+0000
 8.44685733318329E-0001  2.33693512602027E+0000  1.74280880378604E+0000  2.33693512602027E+0000  1.74280880378604E+0000  2.33693512602027E+0000  1.74280880378604E+0000
 8.95886421203613E-0001  1.81143355072021E+0000  2.97810370823236E+0000  1.81143355072021E+0000  2.97810370823236E+0000  1.81143355072021E+0000  2.97810370823236E+0000
 9.47087049484253E-0001  1.89179631349216E+0000  1.81421122865886E+0000  1.89179631349216E+0000  1.81421122865886E+0000  1.89179631349216E+0000  1.81421122865886E+0000
 9.98287737369537E-0001  1.48572956910180E+0000  5.18303590229657E+0000  1.48572956910180E+0000  5.18303590229657E+0000  1.48572956910180E+0000  5.18303590229657E+0000
 1.07508873939514E+0000  1.65757661592093E+0000  2.18777744549753E+0000  1.65757661592093E+0000  2.18777744549753E+0000  1.65757661592093E+0000  2.18777744549753E+0000
 1.17748999595642E+0000  1.39863193278704E+0000  6.13223390271193E+0000  1.39863193278704E+0000  6.13223390271193E+0000  1.39863193278704E+0000  6.13223390271193E+0000
 1.27989125251770E+0000  1.71935868552840E+0000  4.03516239885869E+0000  1.71935868552840E+0000  4.03516239885869E+0000  1.71935868552840E+0000  4.03516239885869E+0000
 1.38229262828827E+0000  1.42284284171956E+0000  3.97380287789509E+0000  1.42284284171956E+0000  3.97380287789509E+0000  1.42284284171956E+0000  3.97380287789509E+0000
 1.48469388484955E+0000  1.64194112534711E+0000  4.33296313582636E+0000  1.64194112534711E+0000  4.33296313582636E+0000  1.64194112534711E+0000  4.33296313582636E+0000
 1.58709526062012E+0000  1.26071689459736E+0000  6.09783732007772E+0000  1.26071689459736E+0000  6.09783732007772E+0000  1.26071689459736E+0000  6.09783732007772E+0000
 1.68949651718140E+0000  1.45807627006629E+0000  3.28496849490944E+0000  1.45807627006629E+0000  3.28496849490944E+0000  1.45807627006629E+0000  3.28496849490944E+0000
 1.79189777374268E+0000  1.39736093874449E+0000  2.81449349594752E+0000  1.39736093874449E+0000  2.81449349594752E+0000  1.39736093874449E+0000  2.81449349594752E+0000
 1.89429914951324E+0000  1.61095371508796E+0000  6.47183118317752E+0000  1.61095371508796E+0000  6.47183118317752E+0000  1.61095371508796E+0000  6.47183118317752E+0000
 1.99670040607452E+0000  1.41484742699745E+0000  1.65792306285842E+0001  1.41484742699745E+0000  1.65792306285842E+0001  1.41484742699745E+0000  1.65792306285842E+0001
 2.15030241012573E+0000  1.46956031646156E+0000  1.11969730274292E+0001  1.46956031646156E+0000  1.11969730274292E+0001  1.46956031646156E+0000  1.11969730274292E+0001
 2.35510492324829E+0000  1.31246668211658E+0000  8.71042107251565E+0000  1.31246668211658E+0000  8.71042107251565E+0000  1.31246668211658E+0000  8.71042107251565E+0000
 2.55990767478943E+0000  1.06413868912057E+0000  5.05710879830522E+0000  1.06413868912057E+0000  5.05710879830522E+0000  1.06413868912057E+0000  5.05710879830522E+0000
 2.76471018791199E+0000  1.19054103396092E+0000  5.04908610807251E+0000  1.19054103396092E+0000  5.04908610807251E+0000  1.19054103396092E+0000  5.04908610807251E+0000
 2.96951293945313E+0000  1.28483685354313E+0000  8.16291769035931E+0000  1.28483685354313E+0000  8.16291769035931E+0000  1.28483685354313E+0000  8.16291769035931E+0000
 3.17431545257568E+0000  1.38111958803648E+0000  6.71635106637876E+0000  1.38111958803648E+0000  6.71635106637876E+0000  1.38111958803648E+0000  6.71635106637876E+0000
 3.37911796569824E+0000  1.20170751892250E+0000  5.45645595182121E+0000  1.20170751892250E+0000  5.45645595182121E+0000  1.20170751892250E+0000  5.45645595182121E+0000
 3.58392071723938E+0000  1.16231741685784E+0000  3.85381329756172E+0000  1.16231741685784E+0000  3.85381329756172E+0000  1.16231741685784E+0000  3.85381329756172E+0000
 3.78872323036194E+0000  1.07833644998069E+0000  7.63917202602627E+0000  1.07833644998069E+0000  7.63917202602627E+0000  1.07833644998069E+0000  7.63917202602627E+0000
 3.99352598190308E+0000  1.05350276465685E+0000  4.59502961907001E+0000  1.05350276465685E+0000  4.59502961907001E+0000  1.05350276465685E+0000  4.59502961907001E+0000
 4.30072975158691E+0000  8.67343505032632E-0001  5.75027798204646E+0000  8.67343505032632E-0001  5.75027798204646E+0000  8.67343505032632E-0001  5.75027798204646E+0000
 4.71033477783203E+0000  9.92484503562406E-0001  9.57879874224675E+0000  9.92484503562406E-0001  9.57879874224675E+0000  9.92484503562406E-0001  9.57879874224675E+0000
 5.11994028091431E+0000  9.57399765920513E-0001  1.31111064849711E+0001  9.57399765920513E-0001  1.31111064849711E+0001  9.57399765920513E-0001  1.31111064849711E+0001
 5.52954530715942E+0000  1.04327072831834E+0000  4.75925449792435E+0000  1.04327072831834E+0000  4.75925449792435E+0000  1.04327072831834E+0000  4.75925449792435E+0000
 5.93915081024170E+0000  8.12380015685658E-0001  1.93240527071182E+0001  8.12380015685658E-0001  1.93240527071182E+0001  8.12380015685658E-0001  1.93240527071182E+0001
 6.34875583648682E+0000  7.98275453555932E-0001  4.06757957253245E+0000  7.98275453555932E-0001  4.06757957253245E+0000  7.98275453555932E-0001  4.06757957253245E+0000
 6.75836133956909E+0000  7.92442301298003E-0001  1.17395014768373E+0001  7.92442301298003E-0001  1.17395014768373E+0001  7.92442301298003E-0001  1.17395014768373E+0001
 7.16796636581421E+0000  7.27774577465437E-0001  1.22733830902155E+0001  7.27774577465437E-0001  1.22733830902155E+0001  7.27774577465437E-0001  1.22733830902155E+0001
 7.57757139205933E+0000  8.66885501196140E-0001  6.28381624679992E+0000  8.66885501196140E-0001  6.28381624679992E+0000  8.66885501196140E-0001  6.28381624679992E+0000
 7.98717689514160E+0000  6.61672130221585E-0001  6.27102681990277E+0001  6.61672130221585E-0001  6.27102681990277E+0001  6.61672130221585E-0001  6.27102681990277E+0001
 8.60158443450928E+0000  6.69038425928698E-0001  8.11382989716649E+0000  6.69038425928698E-0001  8.11382989716649E+0000  6.69038425928698E-0001  8.11382989716649E+0000
 9.42079544067383E+0000  7.02440293000564E-0001  1.53294095806242E+0001  7.02440293000564E-0001  1.53294095806242E+0001  7.02440293000564E-0001  1.53294095806242E+0001
 1.02400054931640E+0001  4.96784739370978E-0001  1.25378984651824E+0001  4.96784739370978E-0001  1.25378984651824E+0001  4.96784739370978E-0001  1.25378984651824E+0001
 1.10592155456543E+0001  5.43339225359494E-0001  5.31793205332986E+0000  5.43339225359494E-0001  5.31793205332986E+0000  5.43339225359494E-0001  5.31793205332986E+0000
 1.18784265518188E+0001  3.58167576143115E-0001  5.98061686696971E+0000  3.58167576143115E-0001  5.98061686696971E+0000  3.58167576143115E-0001  5.98061686696971E+0000
 1.26976366043090E+0001  3.70999395659795E-0001  6.75899864963622E+0000  3.70999395659795E-0001  6.75899864963622E+0000  3.70999395659795E-0001  6.75899864963622E+0000
 1.35168476104736E+0001  3.81609813095532E-0001  5.11679123818927E+0000  3.81609813095532E-0001  5.11679123818927E+0000  3.81609813095532E-0001  5.11679123818927E+0000
 1.43360576629638E+0001  3.55483532136267E-0001  7.33917441977541E+0000  3.55483532136267E-0001  7.33917441977541E+0000  3.55483532136267E-0001  7.33917441977541E+0000
 1.51552677154541E+0001  2.38709400862307E-0001  6.08993535094057E+0000  2.38709400862307E-0001  6.08993535094057E+0000  2.38709400862307E-0001  6.08993535094057E+0000
 1.59744787216186E+0001  2.23727145805143E-0001  1.04692970552763E+0001  2.23727145805143E-0001  1.04692970552763E+0001  2.23727145805143E-0001  1.04692970552763E+0001
 1.72032947540283E+0001  1.41271620304135E-0001  1.09885623536979E+0001  1.41271620304135E-0001  1.09885623536979E+0001  1.41271620304135E-0001  1.09885623536979E+0001
 1.88417148590088E+0001  6.69797800213989E-0003  9.66309459948821E+0000  6.69797800213989E-0003  9.66309459948821E+0000  6.69797800213989E-0003  9.66309459948821E+0000
 2.04801368713379E+0001 -2.36097855976496E-0002  2.44045879149375E+0001 -2.36097855976496E-0002  2.44045879149375E+0001 -2.36097855976496E-0002  2.44045879149375E+0001
 2.21185569763184E+0001 -1.29724415550655E-0002  1.22972862458637E+0001 -1.29724415550655E-0002  1.22972862458637E+0001 -1.29724415550655E-0002  1.22972862458637E+0001
 2.37569770812988E+0001 -2.96901939960764E-0002  4.75670769063896E+0001 -2.96901939960764E-0002  4.75670769063896E+0001 -2.96901939960764E-0002  4.75670769063896E+0001
 2.53953990936279E+0001 -3.85922774969326E-0002  1.52237869887913E+0001 -3.85922774969326E-0002  1.52237869887913E+0001 -3.85922774969326E-0002  1.52237869887913E+0001
 2.70338191986084E+0001 -1.18534243209273E-0002  2.35423278250581E+0001 -1.18534243209273E-0002  2.35423278250581E+0001 -1.18534243209273E-0002  2.35423278250581E+0001
 2.86722412109375E+0001 -7.35812058209213E-0003  1.14688555908430E+0001 -7.35812058209213E-0003  1.14688555908430E+0001 -7.35812058209213E-0003  1.14688555908430E+0001
 3.03106613159180E+0001 -7.13440654501125E-0003  1.02156118463939E+0001 -7.13440654501125E-0003  1.02156118463939E+0001 -7.13440654501125E-0003  1.02156118463939E+0001
 3.19490814208984E+0001 -4.19396813304784E-0002  7.34548156242458E+0000 -4.19396813304784E-0002  7.34548156242458E+0000 -4.19396813304784E-0002  7.34548156242458E+0000
 3.44067115783691E+0001  2.74367435927205E-0002  7.22427007505206E+0000  2.74367435927205E-0002  7.22427007505206E+0000  2.74367435927205E-0002  7.22427007505206E+0000
 3.76835556030273E+0001  4.58740773357792E-0002  8.82417861322459E+0000  4.58740773357792E-0002  8.82417861322459E+0000  4.58740773357792E-0002  8.82417861322459E+0000
 4.09603958129883E+0001  4.74290046097468E-0002  9.86339700072589E+0000  4.74290046097468E-0002  9.86339700072589E+0000  4.74290046097468E-0002  9.86339700072589E+0000
 4.42372398376465E+0001 -5.34252784617303E-0002  9.35253327267400E+0000 -5.34252784617303E-0002  9.35253327267400E+0000 -5.34252784617303E-0002  9.35253327267400E+0000
 4.75140800476074E+0001 -1.34347320639091E-0001  1.37389283301670E+0001 -1.34347320639091E-0001  1.37389283301670E+0001 -1.34347320639091E-0001  1.37389283301670E+0001
 5.07909202575684E+0001 -8.29642957013692E-0002  2.57078021392277E+0001 -8.29642957013692E-0002  2.57078021392277E+0001 -8.29642957013692E-0002  2.57078021392277E+0001
 5.40677642822266E+0001 -1.35690851220655E-0001  2.88931005229716E+0001 -1.35690851220655E-0001  2.88931005229716E+0001 -1.35690851220655E-0001  2.88931005229716E+0001
 5.73446044921875E+0001 -1.21863085649538E-0001  2.70618998341734E+0001 -1.21863085649538E-0001  2.70618998341734E+0001 -1.21863085649538E-0001  2.70618998341734E+0001
 6.06214485168457E+0001 -1.38157911829090E-0001  2.87643643107908E+0001 -1.38157911829090E-0001  2.87643643107908E+0001 -1.38157911829090E-0001  2.87643643107908E+0001
 6.38982887268066E+0001 -9.18117158206435E-0002  2.09342164593258E+0001 -9.18117158206435E-0002  2.09342164593258E+0001 -9.18117158206435E-0002  2.09342164593258E+0001
 6.88135528564453E+0001 -4.94153072279842E-0002  1.34652682124224E+0001 -4.94153072279842E-0002  1.34652682124224E+0001 -4.94153072279842E-0002  1.34652682124224E+0001
 7.53672332763672E+0001 -5.73583035608696E-0002  2.56382480927939E+0001 -5.73583035608696E-0002  2.56382480927939E+0001 -5.73583035608696E-0002  2.56382480927939E+0001
 8.19209213256836E+0001  6.29353938531034E-0002  1.20317157859350E+0001  6.29353938531034E-0002  1.20317157859350E+0001  6.29353938531034E-0002  1.20317157859350E+0001
 8.84746017456055E+0001  3.41371825156629E-0003  1.27487416644281E+0001  3.41371825156629E-0003  1.27487416644281E+0001  3.41371825156629E-0003  1.27487416644281E+0001
 9.50282821655273E+0001  5.67012548106159E-0002  1.15740573824458E+0001  5.67012548106159E-0002  1.15740573824458E+0001  5.67012548106159E-0002  1.15740573824458E+0001
 1.01581970214843E+0002  4.06491695905260E-0002  1.40361551054964E+0001  4.06491695905260E-0002  1.40361551054964E+0001  4.06491695905260E-0002  1.40361551054964E+0001
 1.08135650634765E+0002  8.52342051568396E-0003  1.29508100892803E+0001  8.52342051568396E-0003  1.29508100892803E+0001  8.52342051568396E-0003  1.29508100892803E+0001
 1.14689338684082E+0002 -6.85274368813854E-0002  1.34625728174484E+0001 -6.85274368813854E-0002  1.34625728174484E+0001 -6.85274368813854E-0002  1.34625728174484E+0001
 1.21243019104003E+0002 -1.93197921798019E-0002  8.12609469870692E+0000 -1.93197921798019E-0002  8.12609469870692E+0000 -1.93197921798019E-0002  8.12609469870692E+0000
 1.27796699523925E+0002 -3.56413217272649E-0002  1.82648201980201E+0001 -3.56413217272649E-0002  1.82648201980201E+0001 -3.56413217272649E-0002  1.82648201980201E+0001
 1.37627227783203E+0002 -8.68198310115898E-0002  2.27939610766360E+0001 -8.68198310115898E-0002  2.27939610766360E+0001 -8.68198310115898E-0002  2.27939610766360E+0001
 1.50734588623047E+0002 -1.18695997789741E-0001  2.65144144462020E+0001 -1.18695997789741E-0001  2.65144144462020E+0001 -1.18695997789741E-0001  2.65144144462020E+0001
 1.63841964721680E+0002 -9.70490479514420E-0002  4.76585875303213E+0001 -9.70490479514420E-0002  4.76585875303213E+0001 -9.70490479514420E-0002  4.76585875303213E+0001
 1.76949325561523E+0002 -2.72798222636224E-0002  1.44657336327167E+0001 -2.72798222636224E-0002  1.44657336327167E+0001 -2.72798222636224E-0002  1.44657336327167E+0001
 1.90056701660156E+0002 -3.31309064779335E-0002  1.76281330130168E+0001 -3.31309064779335E-0002  1.76281330130168E+0001 -3.31309064779335E-0002  1.76281330130168E+0001
 2.03164062500000E+0002 -7.66044201959701E-0002  1.13342053333608E+0001 -7.66044201959701E-0002  1.13342053333608E+0001 -7.66044201959701E-0002  1.13342053333608E+0001
 2.16271423339844E+0002 -6.77001470353460E-0003  1.77454267927056E+0001 -6.77001470353460E-0003  1.77454267927056E+0001 -6.77001470353460E-0003  1.77454267927056E+0001
 2.29378799438477E+0002 -2.41869949935231E-0002  2.07345104551320E+0001 -2.41869949935231E-0002  2.07345104551320E+0001 -2.41869949935231E-0002  2.07345104551320E+0001
 2.42486160278320E+0002 -4.45200463626600E-0002  1.82372329515983E+0001 -4.45200463626600E-0002  1.82372329515983E+0001 -4.45200463626600E-0002  1.82372329515983E+0001
 2.55593536376953E+0002 -5.79696119514883E-0002  1.32799558572650E+0001 -5.79696119514883E-0002  1.32799558572650E+0001 -5.79696119514883E-0002  1.32799558572650E+0001
 2.75254577636719E+0002 -6.58457482251279E-0002  1.52667845931830E+0001 -6.58457482251279E-0002  1.52667845931830E+0001 -6.58457482251279E-0002  1.52667845931830E+0001
 3.01469329833984E+0002  6.37052201644117E-0003  5.19006214412797E+0001  6.37052201644117E-0003  5.19006214412797E+0001  6.37052201644117E-0003  5.19006214412797E+0001
 3.27684051513672E+0002 -4.10083514460399E-0002  2.02433795303904E+0001 -4.10083514460399E-0002  2.02433795303904E+0001 -4.10083514460399E-0002  2.02433795303904E+0001
 3.53898773193359E+0002 -3.57748483959055E-0002  1.89646167546162E+0001 -3.57748483959055E-0002  1.89646167546162E+0001 -3.57748483959055E-0002  1.89646167546162E+0001
 3.80113525390625E+0002 -5.57959557205391E-0002  1.26895929525607E+0002 -5.57959557205391E-0002  1.26895929525607E+0002 -5.57959557205391E-0002  1.26895929525607E+0002
 4.06328247070313E+0002  2.29287079861028E-0003  2.18753928473667E+0001  2.29287079861028E-0003  2.18753928473667E+0001  2.29287079861028E-0003  2.18753928473667E+0001
 4.32542999267578E+0002 -5.51120452088894E-0002  2.52033951449373E+0001 -5.51120452088894E-0002  2.52033951449373E+0001 -5.51120452088894E-0002  2.52033951449373E+0001
 4.58757720947266E+0002 -6.22033336721521E-0002  3.61627193098618E+0001 -6.22033336721521E-0002  3.61627193098618E+0001 -6.22033336721521E-0002  3.61627193098618E+0001
 4.84972442626953E+0002 -8.07548907129669E-0002  1.72350753301917E+0001 -8.07548907129669E-0002  1.72350753301917E+0001 -8.07548907129669E-0002  1.72350753301917E+0001
 5.11187194824219E+0002 -6.92960274943734E-0002  1.51096371945799E+0001 -6.92960274943734E-0002  1.51096371945799E+0001 -6.92960274943734E-0002  1.51096371945799E+0001
 5.50509277343750E+0002  1.64590575256208E-0002  1.27468148330668E+0001  1.64590575256208E-0002  1.27468148330668E+0001  1.64590575256208E-0002  1.27468148330668E+0001
 6.02938781738281E+0002  2.66768287831947E-0002  2.26485116232703E+0001  2.66768287831947E-0002  2.26485116232703E+0001  2.66768287831947E-0002  2.26485116232703E+0001
 6.55368225097656E+0002 -6.97002487493794E-0002  4.55518967388237E+0001 -6.97002487493794E-0002  4.55518967388237E+0001 -6.97002487493794E-0002  4.55518967388237E+0001
 7.07797668457031E+0002  2.18049119689392E-0002  1.30040245200852E+0001  2.18049119689392E-0002  1.30040245200852E+0001  2.18049119689392E-0002  1.30040245200852E+0001
 7.60227172851563E+0002 -1.15752690757512E-0002  3.84658572938960E+0001 -1.15752690757512E-0002  3.84658572938960E+0001 -1.15752690757512E-0002  3.84658572938960E+0001
 8.12656616210938E+0002  1.85327619421627E-0001  8.09284497239142E+0000  1.85327619421627E-0001  8.09284497239142E+0000  1.85327619421627E-0001  8.09284497239142E+0000
 8.65086120605469E+0002 -5.70088005312434E-0002  1.50707208835636E+0001 -5.70088005312434E-0002  1.50707208835636E+0001 -5.70088005312434E-0002  1.50707208835636E+0001
 9.17515563964844E+0002 -8.73954637952472E-0002  1.99911854363748E+0001 -8.73954637952472E-0002  1.99911854363748E+0001 -8.73954637952472E-0002  1.99911854363748E+0001
 9.69945007324219E+0002 -6.01750510062205E-0002  1.70724003481129E+0001 -6.01750510062205E-0002  1.70724003481129E+0001 -6.01750510062205E-0002  1.70724003481129E+0001
 1.02237451171875E+0003  5.44366795511243E-0002  5.18364771544797E+0001  5.44366795511243E-0002  5.18364771544797E+0001  5.44366795511243E-0002  5.18364771544797E+0001
 1.10101867675781E+0003  8.51816633736269E-0002  1.29736925423250E+0001  8.51816633736269E-0002  1.29736925423250E+0001  8.51816633736269E-0002  1.29736925423250E+0001
 1.20587768554688E+0003 -1.02926062279016E-0002  1.90436987304698E+0001 -1.02926062279016E-0002  1.90436987304698E+0001 -1.02926062279016E-0002  1.90436987304698E+0001
 1.31073657226563E+0003  3.42325435315079E-0003  1.63187011817216E+0001  3.42325435315079E-0003  1.63187011817216E+0001  3.42325435315079E-0003  1.63187011817216E+0001
 1.41559545898438E+0003  6.02079869802302E-0002  6.10456659386632E+0000  6.02079869802302E-0002  6.10456659386632E+0000  6.02079869802302E-0002  6.10456659386632E+0000
 1.52045446777344E+0003  1.80089252210915E-0001  3.48190464266280E+0000  1.80089252210915E-0001  3.48190464266280E+0000  1.80089252210915E-0001  3.48190464266280E+0000
 1.62531335449219E+0003 -2.07306797760427E-0001  3.05547841474356E+0000 -2.07306797760427E-0001  3.05547841474356E+0000 -2.07306797760427E-0001  3.05547841474356E+0000
 1.73017236328125E+0003 -5.44477556897271E-0001  3.25106751740832E+0000 -5.44477556897271E-0001  3.25106751740832E+0000 -5.44477556897271E-0001  3.25106751740832E+0000
 1.83503125000000E+0003 -7.39625048063763E-0001  3.98639560012876E+0000 -7.39625048063763E-0001  3.98639560012876E+0000 -7.39625048063763E-0001  3.98639560012876E+0000
 1.93989013671875E+0003 -7.86247646569827E-0001  7.13102742622681E+0000 -7.86247646569827E-0001  7.13102742622681E+0000 -7.86247646569827E-0001  7.13102742622681E+0000
 2.04474914550781E+0003 -8.30123197966737E-0001  2.00145794482884E+0001 -8.30123197966737E-0001  2.00145794482884E+0001 -8.30123197966737E-0001  2.00145794482884E+0001
 2.20203759765625E+0003 -1.00000000000000E+0000  2.57056434385242E+0000 -1.00000000000000E+0000  2.57056434385242E+0000 -1.00000000000000E+0000  2.57056434385242E+0000
 2.41175537109375E+0003 -1.00000000000000E+0000  2.57056434385242E+0000 -1.00000000000000E+0000  2.57056434385242E+0000 -1.00000000000000E+0000  2.57056434385242E+0000
 2.62147338867188E+0003 -1.00000000000000E+0000  2.57056434385242E+0000 -1.00000000000000E+0000  2.57056434385242E+0000 -1.00000000000000E+0000  2.57056434385242E+0000
 2.83119116210938E+0003 -1.00000000000000E+0000  2.57056434385242E+0000 -1.00000000000000E+0000  2.57056434385242E+0000 -1.00000000000000E+0000  2.57056434385242E+0000
 3.04090893554688E+0003 -1.00000000000000E+0000  2.57056434385242E+0000 -1.00000000000000E+0000  2.57056434385242E+0000 -1.00000000000000E+0000  2.57056434385242E+0000
 3.25062695312500E+0003 -1.00000000000000E+0000  2.57056434385242E+0000 -1.00000000000000E+0000  2.57056434385242E+0000 -1.00000000000000E+0000  2.57056434385242E+0000
 3.46034472656250E+0003 -1.00000000000000E+0000  2.57056434385242E+0000 -1.00000000000000E+0000  2.57056434385242E+0000 -1.00000000000000E+0000  2.57056434385242E+0000
 3.67006274414063E+0003 -1.00000000000000E+0000  2.57056434385242E+0000 -1.00000000000000E+0000  2.57056434385242E+0000 -1.00000000000000E+0000  2.57056434385242E+0000
 3.87978051757813E+0003 -1.00000000000000E+0000  2.57056434385242E+0000 -1.00000000000000E+0000  2.57056434385242E+0000 -1.00000000000000E+0000  2.57056434385242E+0000
 4.08949829101563E+0003 -1.00000000000000E+0000  2.57056434385242E+0000 -1.00000000000000E+0000  2.57056434385242E+0000 -1.00000000000000E+0000  2.57056434385242E+0000
 4.40407519531250E+0003 -1.00000000000000E+0000  2.57056434385242E+0000 -1.00000000000000E+0000  2.57056434385242E+0000 -1.00000000000000E+0000  2.57056434385242E+0000
 4.82351074218750E+0003 -1.00000000000000E+0000  2.57056434385242E+0000 -1.00000000000000E+0000  2.57056434385242E+0000 -1.00000000000000E+0000  2.57056434385242E+0000
 5.24294677734375E+0003 -1.00000000000000E+0000  2.57056434385242E+0000 -1.00000000000000E+0000  2.57056434385242E+0000 -1.00000000000000E+0000  2.57056434385242E+0000
