 Corr.Time[ms]           Correlation(1->2+2->1)  Weighting(1->2+2->1)    Correlation(1->2)       Weighting(1->2)         Correlation(2->1)       Weighting(2->1)
 1.42501259688288E-0003  1.14312600329184E+0000  2.23689039836200E-0001  1.14312600329184E+0000  2.23689039836200E-0001  1.14312600329184E+0000  2.23689039836200E-0001
 1.52501347474753E-0003  5.96769945019212E+0000  4.16151043846255E-0001  5.96769945019212E+0000  4.16151043846255E-0001  5.96769945019212E+0000  4.16151043846255E-0001
 1.62501435261220E-0003  1.32428942264872E+0000  4.67749474631518E-0001  1.32428942264872E+0000  4.67749474631518E-0001  1.32428942264872E+0000  4.67749474631518E-0001
 1.72501523047686E-0003  5.69223091113640E+0000  1.63367299154095E-0001  5.69223091113640E+0000  1.63367299154095E-0001  5.69223091113640E+0000  1.63367299154095E-0001
 1.82501610834152E-0003 -1.00000000000000E+0000  2.94742870803412E+0000 -1.00000000000000E+0000  2.94742870803412E+0000 -1.00000000000000E+0000  2.94742870803412E+0000
 1.97501736693084E-0003  4.94070513119448E+0000  2.57275995795544E-0001  4.94070513119448E+0000  2.57275995795544E-0001  4.94070513119448E+0000  2.57275995795544E-0001
 2.17501935549080E-0003  1.36847814964786E+0000  7.15942475730686E-0001  1.36847814964786E+0000  7.15942475730686E-0001  1.36847814964786E+0000  7.15942475730686E-0001
 2.37502111122012E-0003  5.83330982005700E+0000  3.10753139965984E-0001  5.83330982005700E+0000  3.10753139965984E-0001  5.83330982005700E+0000  3.10753139965984E-0001
 2.57502286694944E-0003  2.57481167906740E+0000  4.73546967687080E-0001  2.57481167906740E+0000  4.73546967687080E-0001  2.57481167906740E+0000  4.73546967687080E-0001
 2.77502462267876E-0003  2.39326863834848E+0000  6.01504101200026E-0001  2.39326863834848E+0000  6.01504101200026E-0001  2.39326863834848E+0000  6.01504101200026E-0001
 2.97502637840807E-0003 -1.00000000000000E+0000  2.94742870803412E+0000 -1.00000000000000E+0000  2.94742870803412E+0000 -1.00000000000000E+0000  2.94742870803412E+0000
 3.17502813413739E-0003  2.39326882066768E+0000  6.01504061228258E-0001  2.39326882066768E+0000  6.01504061228258E-0001  2.39326882066768E+0000  6.01504061228258E-0001
 3.37502988986671E-0003  1.32428996973335E+0000  4.67749372861416E-0001  1.32428996973335E+0000  4.67749372861416E-0001  1.32428996973335E+0000  4.67749372861416E-0001
 3.57503164559603E-0003 -1.00000000000000E+0000  2.94742870803412E+0000 -1.00000000000000E+0000  2.94742870803412E+0000 -1.00000000000000E+0000  2.94742870803412E+0000
 3.77503340132535E-0003  1.62145045653872E-0001  8.62491704883259E-0001  1.62145045653872E-0001  8.62491704883259E-0001  1.62145045653872E-0001  8.62491704883259E-0001
 4.07503591850400E-0003  6.97926820019200E-0001  9.34536526562813E-0001  6.97926820019200E-0001  9.34536526562813E-0001  6.97926820019200E-0001  9.34536526562813E-0001
 4.47503942996264E-0003  1.30090388045737E+0000  6.23719367911989E-0001  1.30090388045737E+0000  6.23719367911989E-0001  1.30090388045737E+0000  6.23719367911989E-0001
 4.87504294142127E-0003  1.30090400203181E+0000  6.23719339543156E-0001  1.30090400203181E+0000  6.23719339543156E-0001  1.30090400203181E+0000  6.23719339543156E-0001
 5.27504645287991E-0003  1.85878020051455E+0000  1.98366175165221E+0000  1.85878020051455E+0000  1.98366175165221E+0000  1.85878020051455E+0000  1.98366175165221E+0000
 5.67505042999983E-0003  1.18693611189672E+0000  5.09983708309276E-0001  1.18693611189672E+0000  5.09983708309276E-0001  1.18693611189672E+0000  5.09983708309276E-0001
 6.07505394145846E-0003  2.37117591595537E+0000  6.86327948481162E-0001  2.37117591595537E+0000  6.86327948481162E-0001  2.37117591595537E+0000  6.86327948481162E-0001
 6.47505745291710E-0003  3.73585667753002E+0000  3.88452418730091E-0001  3.73585667753002E+0000  3.88452418730091E-0001  3.73585667753002E+0000  3.88452418730091E-0001
 6.87506096437573E-0003  2.93034466096914E+0000  3.81315488634360E-0001  2.93034466096914E+0000  3.81315488634360E-0001  2.93034466096914E+0000  3.81315488634360E-0001
 7.27506447583437E-0003  2.99754009898895E+0000  1.20486216156689E+0000  2.99754009898895E+0000  1.20486216156689E+0000  2.99754009898895E+0000  1.20486216156689E+0000
 7.67506798729300E-0003  1.36847985109685E+0000  7.15942057295040E-0001  1.36847985109685E+0000  7.15942057295040E-0001  1.36847985109685E+0000  7.15942057295040E-0001
 8.27507302165031E-0003  1.28791968718340E+0000  7.54940291441705E-0001  1.28791968718340E+0000  7.54940291441705E-0001  1.28791968718340E+0000  7.54940291441705E-0001
 9.07508004456758E-0003  1.30109522564575E+0000  1.12389986175821E+0000  1.30109522564575E+0000  1.12389986175821E+0000  1.30109522564575E+0000  1.12389986175821E+0000
 9.87508706748486E-0003  7.42116731522721E-0001  9.41571702796563E-0001  7.42116731522721E-0001  9.41571702796563E-0001  7.42116731522721E-0001  9.41571702796563E-0001
 1.06750940904021E-0002  1.29970858660824E+0000  1.74500249202141E+0000  1.29970858660824E+0000  1.74500249202141E+0000  1.29970858660824E+0000  1.74500249202141E+0000
 1.14751011133194E-0002  3.20751859760841E+0000  5.43572565245662E-0001  3.20751859760841E+0000  5.43572565245662E-0001  3.20751859760841E+0000  5.43572565245662E-0001
 1.22751090675592E-0002  2.97425135359912E+0000  1.42430540748140E+0000  2.97425135359912E+0000  1.42430540748140E+0000  2.97425135359912E+0000  1.42430540748140E+0000
 1.30751160904765E-0002  2.97360568791027E+0000  8.73302823663072E-0001  2.97360568791027E+0000  8.73302823663072E-0001  2.97360568791027E+0000  8.73302823663072E-0001
 1.38751231133937E-0002  3.55542046057672E+0000  9.67107119363935E-0001  3.55542046057672E+0000  9.67107119363935E-0001  3.55542046057672E+0000  9.67107119363935E-0001
 1.46751301363110E-0002  3.80066679407328E+0000  4.28554190147800E-0001  3.80066679407328E+0000  4.28554190147800E-0001  3.80066679407328E+0000  4.28554190147800E-0001
 1.54751371592283E-0002  1.55710535504399E+0000  9.13541907726047E-0001  1.55710535504399E+0000  9.13541907726047E-0001  1.55710535504399E+0000  9.13541907726047E-0001
 1.66751481592655E-0002  1.26671153842806E+0000  1.36911494335466E+0000  1.26671153842806E+0000  1.36911494335466E+0000  1.26671153842806E+0000  1.36911494335466E+0000
 1.82751622051001E-0002  2.29417263652216E+0000  9.69266746602590E-0001  2.29417263652216E+0000  9.69266746602590E-0001  2.29417263652216E+0000  9.69266746602590E-0001
 1.98751762509346E-0002  1.45119708406960E+0000  3.17829767004941E+0000  1.45119708406960E+0000  3.17829767004941E+0000  1.45119708406960E+0000  3.17829767004941E+0000
 2.14751902967691E-0002  4.51810608093376E-0001  2.30701844292618E+0000  4.51810608093376E-0001  2.30701844292618E+0000  4.51810608093376E-0001  2.30701844292618E+0000
 2.30752043426037E-0002  1.31725231648560E+0000  2.16187307439855E+0000  1.31725231648560E+0000  2.16187307439855E+0000  1.31725231648560E+0000  2.16187307439855E+0000
 2.46752183884382E-0002  1.30551210429756E+0000  1.40770559436859E+0000  1.30551210429756E+0000  1.40770559436859E+0000  1.30551210429756E+0000  1.40770559436859E+0000
 2.62752324342728E-0002  1.59057363691197E+0000  2.25747200981956E+0000  1.59057363691197E+0000  2.25747200981956E+0000  1.59057363691197E+0000  2.25747200981956E+0000
 2.78752464801073E-0002  1.89735904493314E+0000  1.27490225283280E+0000  1.89735904493314E+0000  1.27490225283280E+0000  1.89735904493314E+0000  1.27490225283280E+0000
 2.94752605259418E-0002  2.14315722636792E+0000  4.43416180361089E+0000  2.14315722636792E+0000  4.43416180361089E+0000  2.14315722636792E+0000  4.43416180361089E+0000
 3.10752745717764E-0002  1.16061590356938E+0000  3.13265068342928E+0000  1.16061590356938E+0000  3.13265068342928E+0000  1.16061590356938E+0000  3.13265068342928E+0000
 3.34752947092056E-0002  1.71306188807995E+0000  2.16170289303832E+0000  1.71306188807995E+0000  2.16170289303832E+0000  1.71306188807995E+0000  2.16170289303832E+0000
 3.66753228008747E-0002  1.42222153792331E+0000  1.24829104695911E+0000  1.42222153792331E+0000  1.24829104695911E+0000  1.42222153792331E+0000  1.24829104695911E+0000
 3.98753546178341E-0002  1.73860918850176E+0000  2.01644037976799E+0000  1.73860918850176E+0000  2.01644037976799E+0000  1.73860918850176E+0000  2.01644037976799E+0000
 4.30753827095032E-0002  2.77685189576790E+0000  1.29603431883223E+0000  2.77685189576790E+0000  1.29603431883223E+0000  2.77685189576790E+0000  1.29603431883223E+0000
 4.62754108011723E-0002  1.45378239092339E+0000  2.79906379355946E+0000  1.45378239092339E+0000  2.79906379355946E+0000  1.45378239092339E+0000  2.79906379355946E+0000
 4.94754388928413E-0002  1.86998244495324E+0000  2.68737839754571E+0000  1.86998244495324E+0000  2.68737839754571E+0000  1.86998244495324E+0000  2.68737839754571E+0000
 5.26754669845104E-0002  2.37195649866496E+0000  5.16738664241606E+0000  2.37195649866496E+0000  5.16738664241606E+0000  2.37195649866496E+0000  5.16738664241606E+0000
 5.58754950761795E-0002  1.61040108456285E+0000  1.79992691290646E+0000  1.61040108456285E+0000  1.79992691290646E+0000  1.61040108456285E+0000  1.79992691290646E+0000
 5.90755231678486E-0002  1.15196823997880E+0000  1.45874597679874E+0000  1.15196823997880E+0000  1.45874597679874E+0000  1.15196823997880E+0000  1.45874597679874E+0000
 6.22755512595177E-0002  2.69271895571877E+0000  1.04101880390831E+0000  2.69271895571877E+0000  1.04101880390831E+0000  2.69271895571877E+0000  1.04101880390831E+0000
 6.70755952596664E-0002  1.53324881422000E+0000  3.51427748342895E+0000  1.53324881422000E+0000  3.51427748342895E+0000  1.53324881422000E+0000  3.51427748342895E+0000
 7.34756514430046E-0002  2.32333745634409E+0000  2.82484851572248E+0000  2.32333745634409E+0000  2.82484851572248E+0000  2.32333745634409E+0000  2.82484851572248E+0000
 7.98757076263428E-0002  2.12792289761539E+0000  1.22355698692950E+0000  2.12792289761539E+0000  1.22355698692950E+0000  2.12792289761539E+0000  1.22355698692950E+0000
 8.62757638096809E-0002  1.79949060124379E+0000  1.57005045124416E+0000  1.79949060124379E+0000  1.57005045124416E+0000  1.79949060124379E+0000  1.57005045124416E+0000
 9.26758199930191E-0002  1.59766313924190E+0000  2.21211637989261E+0000  1.59766313924190E+0000  2.21211637989261E+0000  1.59766313924190E+0000  2.21211637989261E+0000
 9.90758761763573E-0002  1.25576998591812E+0000  3.11163757876310E+0000  1.25576998591812E+0000  3.11163757876310E+0000  1.25576998591812E+0000  3.11163757876310E+0000
 1.05475932359695E-0001  1.61984352561813E+0000  4.88938124038580E+0000  1.61984352561813E+0000  4.88938124038580E+0000  1.61984352561813E+0000  4.88938124038580E+0000
 1.11875988543033E-0001  1.58874158321237E+0000  1.41644463458961E+0000  1.58874158321237E+0000  1.41644463458961E+0000  1.58874158321237E+0000  1.41644463458961E+0000
 1.18276044726371E-0001  1.96578565624215E+0000  2.18613615510969E+0000  1.96578565624215E+0000  2.18613615510969E+0000  1.96578565624215E+0000  2.18613615510969E+0000
 1.24676100909709E-0001  1.65469428117958E+0000  8.66869221001463E+0000  1.65469428117958E+0000  8.66869221001463E+0000  1.65469428117958E+0000  8.66869221001463E+0000
 1.34276181459427E-0001  1.72385340096592E+0000  9.13222409607354E+0000  1.72385340096592E+0000  9.13222409607354E+0000  1.72385340096592E+0000  9.13222409607354E+0000
 1.47076308727264E-0001  1.85972680864828E+0000  6.41261881182021E+0000  1.85972680864828E+0000  6.41261881182021E+0000  1.85972680864828E+0000  6.41261881182021E+0000
 1.59876421093941E-0001  1.64622645361166E+0000  2.36089979175452E+0001  1.64622645361166E+0000  2.36089979175452E+0001  1.64622645361166E+0000  2.36089979175452E+0001
 1.72676533460617E-0001  1.79423979841063E+0000  2.07099217594602E+0000  1.79423979841063E+0000  2.07099217594602E+0000  1.79423979841063E+0000  2.07099217594602E+0000
 1.85476645827293E-0001  1.76774501510395E+0000  3.40772606179408E+0000  1.76774501510395E+0000  3.40772606179408E+0000  1.76774501510395E+0000  3.40772606179408E+0000
 1.98276758193970E-0001  1.35588796952224E+0000  1.70110608954520E+0000  1.35588796952224E+0000  1.70110608954520E+0000  1.35588796952224E+0000  1.70110608954520E+0000
 2.11076870560646E-0001  1.38188631729859E+0000  1.34051517775236E+0001  1.38188631729859E+0000  1.34051517775236E+0001  1.38188631729859E+0000  1.34051517775236E+0001
 2.23876982927322E-0001  1.35664752385449E+0000  5.12717428773447E+0000  1.35664752385449E+0000  5.12717428773447E+0000  1.35664752385449E+0000  5.12717428773447E+0000
 2.36677095293999E-0001  1.31792860757215E+0000  2.13935599067063E+0000  1.31792860757215E+0000  2.13935599067063E+0000  1.31792860757215E+0000  2.13935599067063E+0000
 2.49477207660675E-0001  1.48748675480198E+0000  3.23757406861666E+0000  1.48748675480198E+0000  3.23757406861666E+0000  1.48748675480198E+0000  3.23757406861666E+0000
 2.68677383661270E-0001  1.44229606399852E+0000  8.99492264045670E+0000  1.44229606399852E+0000  8.99492264045670E+0000  1.44229606399852E+0000  8.99492264045670E+0000
 2.94277608394623E-0001  1.79118985535373E+0000  7.22241280707736E+0000  1.79118985535373E+0000  7.22241280707736E+0000  1.79118985535373E+0000  7.22241280707736E+0000
 3.19877833127975E-0001  1.30415347905697E+0000  5.49785771808232E+0000  1.30415347905697E+0000  5.49785771808232E+0000  1.30415347905697E+0000  5.49785771808232E+0000
 3.45478057861328E-0001  1.76687931519148E+0000  7.01827147453279E+0000  1.76687931519148E+0000  7.01827147453279E+0000  1.76687931519148E+0000  7.01827147453279E+0000
 3.71078282594681E-0001  1.41279190758057E+0000  3.98970797056637E+0000  1.41279190758057E+0000  3.98970797056637E+0000  1.41279190758057E+0000  3.98970797056637E+0000
 3.96678507328033E-0001  1.68313997826164E+0000  7.60594305899906E+0000  1.68313997826164E+0000  7.60594305899906E+0000  1.68313997826164E+0000  7.60594305899906E+0000
 4.22278732061386E-0001  1.33708665991955E+0000  3.49782798538443E+0000  1.33708665991955E+0000  3.49782798538443E+0000  1.33708665991955E+0000  3.49782798538443E+0000
 4.47878956794739E-0001  1.47512016377565E+0000  6.70654470596499E+0000  1.47512016377565E+0000  6.70654470596499E+0000  1.47512016377565E+0000  6.70654470596499E+0000
 4.73479181528091E-0001  1.37189129777174E+0000  2.90268409479192E+0000  1.37189129777174E+0000  2.90268409479192E+0000  1.37189129777174E+0000  2.90268409479192E+0000
 4.99079406261444E-0001  1.44823192388114E+0000  4.39957372369837E+0000  1.44823192388114E+0000  4.39957372369837E+0000  1.44823192388114E+0000  4.39957372369837E+0000
 5.37479758262634E-0001  1.49584741219304E+0000  6.36518135739261E+0000  1.49584741219304E+0000  6.36518135739261E+0000  1.49584741219304E+0000  6.36518135739261E+0000
 5.88680207729340E-0001  1.27068913578675E+0000  5.47488953027027E+0000  1.27068913578675E+0000  5.47488953027027E+0000  1.27068913578675E+0000  5.47488953027027E+0000
 6.39880657196045E-0001  1.46304125557306E+0000  4.99105350553803E+0000  1.46304125557306E+0000  4.99105350553803E+0000  1.46304125557306E+0000  4.99105350553803E+0000
 6.91081106662750E-0001  1.47426033323886E+0000  4.18337084313404E+0001  1.47426033323886E+0000  4.18337084313404E+0001  1.47426033323886E+0000  4.18337084313404E+0001
 7.42281556129456E-0001  1.33988448045896E+0000  8.63977829130590E+0000  1.33988448045896E+0000  8.63977829130590E+0000  1.33988448045896E+0000  8.63977829130590E+0000
 7.93482005596161E-0001  1.45344592594973E+0000  4.99664460789450E+0000  1.45344592594973E+0000  4.99664460789450E+0000  1.45344592594973E+0000  4.99664460789450E+0000
 8.44682455062866E-0001  1.40529465732900E+0000  5.11871141553026E+0000  1.40529465732900E+0000  5.11871141553026E+0000  1.40529465732900E+0000  5.11871141553026E+0000
 8.95882904529572E-0001  1.25017377582291E+0000  4.74922215242909E+0000  1.25017377582291E+0000  4.74922215242909E+0000  1.25017377582291E+0000  4.74922215242909E+0000
 9.47083353996277E-0001  1.44296253717167E+0000  5.65910009406827E+0000  1.44296253717167E+0000  5.65910009406827E+0000  1.44296253717167E+0000  5.65910009406827E+0000
 9.98283863067627E-0001  1.14491692322413E+0000  6.31573888871867E+0000  1.14491692322413E+0000  6.31573888871867E+0000  1.14491692322413E+0000  6.31573888871867E+0000
 1.07508456707001E+0000  1.29866170695070E+0000  9.21418222516279E+0000  1.29866170695070E+0000  9.21418222516279E+0000  1.29866170695070E+0000  9.21418222516279E+0000
 1.17748546600342E+0000  1.16719391709184E+0000  2.30143595851012E+0001  1.16719391709184E+0000  2.30143595851012E+0001  1.16719391709184E+0000  2.30143595851012E+0001
 1.27988636493683E+0000  1.25799649326546E+0000  8.33939839246740E+0000  1.25799649326546E+0000  8.33939839246740E+0000  1.25799649326546E+0000  8.33939839246740E+0000
 1.38228726387024E+0000  1.23066893449147E+0000  1.99470263341585E+0001  1.23066893449147E+0000  1.99470263341585E+0001  1.23066893449147E+0000  1.99470263341585E+0001
 1.48468816280365E+0000  1.15409494381677E+0000  7.05861603128811E+0000  1.15409494381677E+0000  7.05861603128811E+0000  1.15409494381677E+0000  7.05861603128811E+0000
 1.58708906173706E+0000  1.32859381507785E+0000  1.11214655089362E+0001  1.32859381507785E+0000  1.11214655089362E+0001  1.32859381507785E+0000  1.11214655089362E+0001
 1.68948996067047E+0000  1.20102599532017E+0000  4.39461068416071E+0001  1.20102599532017E+0000  4.39461068416071E+0001  1.20102599532017E+0000  4.39461068416071E+0001
 1.79189085960388E+0000  1.02719499980361E+0000  1.43782393251913E+0001  1.02719499980361E+0000  1.43782393251913E+0001  1.02719499980361E+0000  1.43782393251913E+0001
 1.89429175853729E+0000  1.16083235546409E+0000  1.20756010842951E+0001  1.16083235546409E+0000  1.20756010842951E+0001  1.16083235546409E+0000  1.20756010842951E+0001
 1.99669265747070E+0000  1.01706657006062E+0000  1.24155941450827E+0001  1.01706657006062E+0000  1.24155941450827E+0001  1.01706657006062E+0000  1.24155941450827E+0001
 2.15029406547546E+0000  1.06818034653341E+0000  1.20418618111065E+0001  1.06818034653341E+0000  1.20418618111065E+0001  1.06818034653341E+0000  1.20418618111065E+0001
 2.35509586334229E+0000  1.00112023075479E+0000  2.06234588472242E+0001  1.00112023075479E+0000  2.06234588472242E+0001  1.00112023075479E+0000  2.06234588472242E+0001
 2.55989766120911E+0000  9.83672766426422E-0001  1.40582147247780E+0001  9.83672766426422E-0001  1.40582147247780E+0001  9.83672766426422E-0001  1.40582147247780E+0001
 2.76469945907593E+0000  9.40987272710475E-0001  1.22229398071508E+0001  9.40987272710475E-0001  1.22229398071508E+0001  9.40987272710475E-0001  1.22229398071508E+0001
 2.96950125694275E+0000  8.73452062529321E-0001  2.16503094573642E+0001  8.73452062529321E-0001  2.16503094573642E+0001  8.73452062529321E-0001  2.16503094573642E+0001
 3.17430305480957E+0000  8.43332747775544E-0001  7.98333643127241E+0000  8.43332747775544E-0001  7.98333643127241E+0000  8.43332747775544E-0001  7.98333643127241E+0000
 3.37910485267639E+0000  8.33614750238503E-0001  1.09076582621715E+0001  8.33614750238503E-0001  1.09076582621715E+0001  8.33614750238503E-0001  1.09076582621715E+0001
 3.58390665054321E+0000  7.74058637514218E-0001  1.32530726180322E+0001  7.74058637514218E-0001  1.32530726180322E+0001  7.74058637514218E-0001  1.32530726180322E+0001
 3.78870844841003E+0000  8.06292062954118E-0001  2.18571442661292E+0001  8.06292062954118E-0001  2.18571442661292E+0001  8.06292062954118E-0001  2.18571442661292E+0001
 3.99351024627686E+0000  8.04887641792839E-0001  2.30943546171205E+0001  8.04887641792839E-0001  2.30943546171205E+0001  8.04887641792839E-0001  2.30943546171205E+0001
 4.30071306228638E+0000  7.19156726304888E-0001  1.12380584094942E+0001  7.19156726304888E-0001  1.12380584094942E+0001  7.19156726304888E-0001  1.12380584094942E+0001
 4.71031665802002E+0000  6.86637071088708E-0001  3.50999654971026E+0001  6.86637071088708E-0001  3.50999654971026E+0001  6.86637071088708E-0001  3.50999654971026E+0001
 5.11992025375366E+0000  6.22023501065996E-0001  1.05304289764125E+0001  6.22023501065996E-0001  1.05304289764125E+0001  6.22023501065996E-0001  1.05304289764125E+0001
 5.52952384948730E+0000  5.53108218964464E-0001  1.95700678299957E+0001  5.53108218964464E-0001  1.95700678299957E+0001  5.53108218964464E-0001  1.95700678299957E+0001
 5.93912744522095E+0000  5.68075738446673E-0001  1.42487825871457E+0001  5.68075738446673E-0001  1.42487825871457E+0001  5.68075738446673E-0001  1.42487825871457E+0001
 6.34873104095459E+0000  4.61618461341286E-0001  1.70946080061376E+0001  4.61618461341286E-0001  1.70946080061376E+0001  4.61618461341286E-0001  1.70946080061376E+0001
 6.75833463668823E+0000  4.07417530823962E-0001  1.61721432292918E+0001  4.07417530823962E-0001  1.61721432292918E+0001  4.07417530823962E-0001  1.61721432292918E+0001
 7.16793823242188E+0000  4.09484200738635E-0001  1.63553109297214E+0001  4.09484200738635E-0001  1.63553109297214E+0001  4.09484200738635E-0001  1.63553109297214E+0001
 7.57754182815552E+0000  3.86542193700267E-0001  1.23405336922332E+0001  3.86542193700267E-0001  1.23405336922332E+0001  3.86542193700267E-0001  1.23405336922332E+0001
 7.98714590072632E+0000  3.58548059502647E-0001  1.98250054016200E+0001  3.58548059502647E-0001  1.98250054016200E+0001  3.58548059502647E-0001  1.98250054016200E+0001
 8.60155105590820E+0000  3.05287476889920E-0001  3.96304710398663E+0001  3.05287476889920E-0001  3.96304710398663E+0001  3.05287476889920E-0001  3.96304710398663E+0001
 9.42075824737549E+0000  3.04950510976891E-0001  1.97763377670146E+0001  3.04950510976891E-0001  1.97763377670146E+0001  3.04950510976891E-0001  1.97763377670146E+0001
 1.02399654388427E+0001  2.03641653465659E-0001  2.26194602827186E+0001  2.03641653465659E-0001  2.26194602827186E+0001  2.03641653465659E-0001  2.26194602827186E+0001
 1.10591726303100E+0001  1.87048331095160E-0001  1.91268477142634E+0001  1.87048331095160E-0001  1.91268477142634E+0001  1.87048331095160E-0001  1.91268477142634E+0001
 1.18783798217773E+0001  2.15532516618962E-0001  1.71092943258381E+0001  2.15532516618962E-0001  1.71092943258381E+0001  2.15532516618962E-0001  1.71092943258381E+0001
 1.26975870132446E+0001  1.71488588261961E-0001  1.80912938481814E+0001  1.71488588261961E-0001  1.80912938481814E+0001  1.71488588261961E-0001  1.80912938481814E+0001
 1.35167942047119E+0001  1.55191313773242E-0001  1.77986519595850E+0001  1.55191313773242E-0001  1.77986519595850E+0001  1.55191313773242E-0001  1.77986519595850E+0001
 1.43360023498535E+0001  1.48880509354747E-0001  1.84631204623817E+0001  1.48880509354747E-0001  1.84631204623817E+0001  1.48880509354747E-0001  1.84631204623817E+0001
 1.51552095413208E+0001  9.98484129470839E-0002  2.05941314221914E+0001  9.98484129470839E-0002  2.05941314221914E+0001  9.98484129470839E-0002  2.05941314221914E+0001
 1.59744167327880E+0001  7.83272303907603E-0002  2.02371060365838E+0001  7.83272303907603E-0002  2.02371060365838E+0001  7.83272303907603E-0002  2.02371060365838E+0001
 1.72032279968262E+0001  9.64402927183904E-0002  2.37490180200941E+0001  9.64402927183904E-0002  2.37490180200941E+0001  9.64402927183904E-0002  2.37490180200941E+0001
 1.88416423797607E+0001  6.26648364651595E-0002  3.57831613891878E+0001  6.26648364651595E-0002  3.57831613891878E+0001  6.26648364651595E-0002  3.57831613891878E+0001
 2.04800567626953E+0001  7.41564106164146E-0002  5.96712362735969E+0001  7.41564106164146E-0002  5.96712362735969E+0001  7.41564106164146E-0002  5.96712362735969E+0001
 2.21184711456299E+0001  3.94822701871113E-0002  1.84084982496371E+0001  3.94822701871113E-0002  1.84084982496371E+0001  3.94822701871113E-0002  1.84084982496371E+0001
 2.37568855285645E+0001  3.96638614854770E-0002  3.53070287177993E+0001  3.96638614854770E-0002  3.53070287177993E+0001  3.96638614854770E-0002  3.53070287177993E+0001
 2.53952999114990E+0001  5.22785707233573E-0002  1.96353118638112E+0001  5.22785707233573E-0002  1.96353118638112E+0001  5.22785707233573E-0002  1.96353118638112E+0001
 2.70337142944336E+0001  3.09327983124234E-0002  2.70679963099724E+0001  3.09327983124234E-0002  2.70679963099724E+0001  3.09327983124234E-0002  2.70679963099724E+0001
 2.86721286773682E+0001  4.08095894127395E-0002  2.03980471793932E+0001  4.08095894127395E-0002  2.03980471793932E+0001  4.08095894127395E-0002  2.03980471793932E+0001
 3.03105430603027E+0001  2.32070426321553E-0002  2.30683982375038E+0001  2.32070426321553E-0002  2.30683982375038E+0001  2.32070426321553E-0002  2.30683982375038E+0001
 3.19489574432373E+0001  5.89866693072039E-0002  1.88787735239682E+0001  5.89866693072039E-0002  1.88787735239682E+0001  5.89866693072039E-0002  1.88787735239682E+0001
 3.44065780639648E+0001  7.58976806281521E-0002  1.56031982325564E+0001  7.58976806281521E-0002  1.56031982325564E+0001  7.58976806281521E-0002  1.56031982325564E+0001
 3.76834068298340E+0001  5.88331560617904E-0002  1.70086924075327E+0001  5.88331560617904E-0002  1.70086924075327E+0001  5.88331560617904E-0002  1.70086924075327E+0001
 4.09602355957031E+0001  6.64489286909398E-0002  1.24272039423740E+0001  6.64489286909398E-0002  1.24272039423740E+0001  6.64489286909398E-0002  1.24272039423740E+0001
 4.42370681762695E+0001  4.70009546626093E-0002  1.89100988978090E+0001  4.70009546626093E-0002  1.89100988978090E+0001  4.70009546626093E-0002  1.89100988978090E+0001
 4.75138969421387E+0001  1.86333183578244E-0002  1.56223777849849E+0001  1.86333183578244E-0002  1.56223777849849E+0001  1.86333183578244E-0002  1.56223777849849E+0001
 5.07907257080078E+0001 -1.73838778143982E-0002  3.02890779439076E+0001 -1.73838778143982E-0002  3.02890779439076E+0001 -1.73838778143982E-0002  3.02890779439076E+0001
 5.40675544738770E+0001 -1.17632582431143E-0002  5.80561167749458E+0001 -1.17632582431143E-0002  5.80561167749458E+0001 -1.17632582431143E-0002  5.80561167749458E+0001
 5.73443832397461E+0001  9.33075875164836E-0003  3.69212285762027E+0001  9.33075875164836E-0003  3.69212285762027E+0001  9.33075875164836E-0003  3.69212285762027E+0001
 6.06212120056152E+0001  2.81286390506075E-0002  2.10254381053664E+0001  2.81286390506075E-0002  2.10254381053664E+0001  2.81286390506075E-0002  2.10254381053664E+0001
 6.38980407714844E+0001  3.13668752277239E-0002  1.49945346885603E+0001  3.13668752277239E-0002  1.49945346885603E+0001  3.13668752277239E-0002  1.49945346885603E+0001
 6.88132858276367E+0001  2.14283175190450E-0002  1.73257735468418E+0001  2.14283175190450E-0002  1.73257735468418E+0001  2.14283175190450E-0002  1.73257735468418E+0001
 7.53669433593750E+0001  7.30940496588425E-0002  2.01472381769037E+0001  7.30940496588425E-0002  2.01472381769037E+0001  7.30940496588425E-0002  2.01472381769037E+0001
 8.19206008911133E+0001  5.15838110572767E-0002  2.87074506805388E+0001  5.15838110572767E-0002  2.87074506805388E+0001  5.15838110572767E-0002  2.87074506805388E+0001
 8.84742584228516E+0001  2.52015233574522E-0002  3.21314552348443E+0001  2.52015233574522E-0002  3.21314552348443E+0001  2.52015233574522E-0002  3.21314552348443E+0001
 9.50279159545898E+0001  5.56372360147686E-0002  4.36177874664305E+0001  5.56372360147686E-0002  4.36177874664305E+0001  5.56372360147686E-0002  4.36177874664305E+0001
 1.01581573486328E+0002  6.35515246780395E-0002  2.79737827312890E+0001  6.35515246780395E-0002  2.79737827312890E+0001  6.35515246780395E-0002  2.79737827312890E+0001
 1.08135231018066E+0002  5.12450095811029E-0002  2.26871265218909E+0001  5.12450095811029E-0002  2.26871265218909E+0001  5.12450095811029E-0002  2.26871265218909E+0001
 1.14688888549804E+0002  1.86692483332733E-0002  2.64569024814356E+0001  1.86692483332733E-0002  2.64569024814356E+0001  1.86692483332733E-0002  2.64569024814356E+0001
 1.21242546081543E+0002 -8.15803771696460E-0003  2.87261816517435E+0001 -8.15803771696460E-0003  2.87261816517435E+0001 -8.15803771696460E-0003  2.87261816517435E+0001
 1.27796203613281E+0002  2.47041119639681E-0002  1.40066869160948E+0001  2.47041119639681E-0002  1.40066869160948E+0001  2.47041119639681E-0002  1.40066869160948E+0001
 1.37626693725586E+0002  3.77983303419404E-0002  2.33951154977964E+0001  3.77983303419404E-0002  2.33951154977964E+0001  3.77983303419404E-0002  2.33951154977964E+0001
 1.50734008789063E+0002  2.95473637313520E-0002  3.39640560414147E+0001  2.95473637313520E-0002  3.39640560414147E+0001  2.95473637313520E-0002  3.39640560414147E+0001
 1.63841323852539E+0002  3.12024763253599E-0002  3.13151450237799E+0001  3.12024763253599E-0002  3.13151450237799E+0001  3.12024763253599E-0002  3.13151450237799E+0001
 1.76948638916016E+0002  2.27466083703166E-0002  2.10386796512550E+0001  2.27466083703166E-0002  2.10386796512550E+0001  2.27466083703166E-0002  2.10386796512550E+0001
 1.90055953979492E+0002  4.73711629211128E-0002  1.79111911747199E+0001  4.73711629211128E-0002  1.79111911747199E+0001  4.73711629211128E-0002  1.79111911747199E+0001
 2.03163269042969E+0002  2.04718238067400E-0002  6.31639095423186E+0001  2.04718238067400E-0002  6.31639095423186E+0001  2.04718238067400E-0002  6.31639095423186E+0001
 2.16270584106445E+0002  9.27167806801654E-0003  3.97055913165297E+0001  9.27167806801654E-0003  3.97055913165297E+0001  9.27167806801654E-0003  3.97055913165297E+0001
 2.29377899169922E+0002  9.48427927041787E-0002  1.59337522805714E+0001  9.48427927041787E-0002  1.59337522805714E+0001  9.48427927041787E-0002  1.59337522805714E+0001
 2.42485214233398E+0002  2.89957381356407E-0002  2.19435049734463E+0001  2.89957381356407E-0002  2.19435049734463E+0001  2.89957381356407E-0002  2.19435049734463E+0001
 2.55592544555664E+0002  2.78212655411749E-0002  4.25356085389645E+0001  2.78212655411749E-0002  4.25356085389645E+0001  2.78212655411749E-0002  4.25356085389645E+0001
 2.75253509521484E+0002  5.83031324496880E-0002  3.47492769166093E+0001  5.83031324496880E-0002  3.47492769166093E+0001  5.83031324496880E-0002  3.47492769166093E+0001
 3.01468139648438E+0002  4.37095935587315E-0002  3.78913034768482E+0001  4.37095935587315E-0002  3.78913034768482E+0001  4.37095935587315E-0002  3.78913034768482E+0001
 3.27682769775391E+0002  2.03818637362655E-0002  2.58583685172869E+0001  2.03818637362655E-0002  2.58583685172869E+0001  2.03818637362655E-0002  2.58583685172869E+0001
 3.53897399902344E+0002  5.89052400235021E-0002  2.46334494055069E+0001  5.89052400235021E-0002  2.46334494055069E+0001  5.89052400235021E-0002  2.46334494055069E+0001
 3.80112030029297E+0002  3.82601233865904E-0002  4.82112383635334E+0001  3.82601233865904E-0002  4.82112383635334E+0001  3.82601233865904E-0002  4.82112383635334E+0001
 4.06326660156250E+0002 -1.55167518480820E-0003  2.89998889345216E+0001 -1.55167518480820E-0003  2.89998889345216E+0001 -1.55167518480820E-0003  2.89998889345216E+0001
 4.32541290283203E+0002  1.09419007765048E-0002  3.54417295107877E+0001  1.09419007765048E-0002  3.54417295107877E+0001  1.09419007765048E-0002  3.54417295107877E+0001
 4.58755920410156E+0002  5.80764335387252E-0002  3.21299373457273E+0001  5.80764335387252E-0002  3.21299373457273E+0001  5.80764335387252E-0002  3.21299373457273E+0001
 4.84970581054688E+0002  2.81724726019085E-0002  4.80257409913478E+0001  2.81724726019085E-0002  4.80257409913478E+0001  2.81724726019085E-0002  4.80257409913478E+0001
 5.11185211181641E+0002  4.20670097346224E-0002  1.81605508944608E+0001  4.20670097346224E-0002  1.81605508944608E+0001  4.20670097346224E-0002  1.81605508944608E+0001
 5.50507141113281E+0002  1.41449418427847E-0002  7.05763243934244E+0001  1.41449418427847E-0002  7.05763243934244E+0001  1.41449418427847E-0002  7.05763243934244E+0001
 6.02936401367188E+0002  7.41648412636594E-0003  4.52894151971017E+0001  7.41648412636594E-0003  4.52894151971017E+0001  7.41648412636594E-0003  4.52894151971017E+0001
 6.55365661621094E+0002  2.61692032050860E-0002  3.16989784197585E+0001  2.61692032050860E-0002  3.16989784197585E+0001  2.61692032050860E-0002  3.16989784197585E+0001
 7.07794921875000E+0002 -1.29970925865117E-0003  5.39095477411007E+0001 -1.29970925865117E-0003  5.39095477411007E+0001 -1.29970925865117E-0003  5.39095477411007E+0001
 7.60224182128906E+0002  2.58900009685492E-0002  4.60820810249612E+0001  2.58900009685492E-0002  4.60820810249612E+0001  2.58900009685492E-0002  4.60820810249612E+0001
 8.12653442382813E+0002  1.74664016049164E-0002  6.16065242772869E+0001  1.74664016049164E-0002  6.16065242772869E+0001  1.74664016049164E-0002  6.16065242772869E+0001
 8.65082702636719E+0002  2.52449210837364E-0002  5.56544419249827E+0001  2.52449210837364E-0002  5.56544419249827E+0001  2.52449210837364E-0002  5.56544419249827E+0001
 9.17512023925781E+0002  1.80270627260007E-0002  4.86184814595213E+0001  1.80270627260007E-0002  4.86184814595213E+0001  1.80270627260007E-0002  4.86184814595213E+0001
 9.69941284179688E+0002  3.31155014435093E-0003  6.61851423257726E+0001  3.31155014435093E-0003  6.61851423257726E+0001  3.31155014435093E-0003  6.61851423257726E+0001
 1.02237054443359E+0003  4.55101778676870E-0002  1.08494973366303E+0002  4.55101778676870E-0002  1.08494973366303E+0002  4.55101778676870E-0002  1.08494973366303E+0002
 1.10101440429688E+0003  1.03869117445572E-0003  7.75726369945421E+0001  1.03869117445572E-0003  7.75726369945421E+0001  1.03869117445572E-0003  7.75726369945421E+0001
 1.20587292480469E+0003  1.13262263046783E-0002  1.26329958239577E+0002  1.13262263046783E-0002  1.26329958239577E+0002  1.13262263046783E-0002  1.26329958239577E+0002
 1.31073144531250E+0003  1.26204034111628E-0002  6.23716122112087E+0001  1.26204034111628E-0002  6.23716122112087E+0001  1.26204034111628E-0002  6.23716122112087E+0001
 1.41558996582031E+0003  3.34990038374970E-0003  1.08405729767443E+0002  3.34990038374970E-0003  1.08405729767443E+0002  3.34990038374970E-0003  1.08405729767443E+0002
 1.52044848632813E+0003  1.26116399229612E-0002  8.81721133662020E+0001  1.26116399229612E-0002  8.81721133662020E+0001  1.26116399229612E-0002  8.81721133662020E+0001
 1.62530700683594E+0003  3.14284521328583E-0002  8.88737030327376E+0001  3.14284521328583E-0002  8.88737030327376E+0001  3.14284521328583E-0002  8.88737030327376E+0001
 1.73016552734375E+0003  9.73012181917745E-0003  6.19387628829951E+0001  9.73012181917745E-0003  6.19387628829951E+0001  9.73012181917745E-0003  6.19387628829951E+0001
 1.83502416992188E+0003  2.09421155948169E-0002  8.85625920878914E+0001  2.09421155948169E-0002  8.85625920878914E+0001  2.09421155948169E-0002  8.85625920878914E+0001
 1.93988269042969E+0003  3.70447984065353E-0002  3.56887729845110E+0001  3.70447984065353E-0002  3.56887729845110E+0001  3.70447984065353E-0002  3.56887729845110E+0001
 2.04474121093750E+0003  5.77448163264771E-0002  6.64413011585629E+0001  5.77448163264771E-0002  6.64413011585629E+0001  5.77448163264771E-0002  6.64413011585629E+0001
 2.20202905273438E+0003  5.33950767433276E-0002  3.82379006663853E+0001  5.33950767433276E-0002  3.82379006663853E+0001  5.33950767433276E-0002  3.82379006663853E+0001
 2.41174609375000E+0003  5.20308764718088E-0002  4.18476602701005E+0001  5.20308764718088E-0002  4.18476602701005E+0001  5.20308764718088E-0002  4.18476602701005E+0001
 2.62146313476563E+0003  3.92225177690205E-0002  4.62448633302455E+0001  3.92225177690205E-0002  4.62448633302455E+0001  3.92225177690205E-0002  4.62448633302455E+0001
 2.83118017578125E+0003  4.21451765830535E-0002  3.47673768694051E+0001  4.21451765830535E-0002  3.47673768694051E+0001  4.21451765830535E-0002  3.47673768694051E+0001
 3.04089721679688E+0003  4.59040486098534E-0002  3.43323599252260E+0001  4.59040486098534E-0002  3.43323599252260E+0001  4.59040486098534E-0002  3.43323599252260E+0001
 3.25061425781250E+0003  3.08125047773536E-0002  2.99215910036072E+0001  3.08125047773536E-0002  2.99215910036072E+0001  3.08125047773536E-0002  2.99215910036072E+0001
 3.46033129882813E+0003  2.62454460054342E-0002  3.00640718921437E+0001  2.62454460054342E-0002  3.00640718921437E+0001  2.62454460054342E-0002  3.00640718921437E+0001
 3.67004833984375E+0003  2.15900126406253E-0002  3.90172886194278E+0001  2.15900126406253E-0002  3.90172886194278E+0001  2.15900126406253E-0002  3.90172886194278E+0001
 3.87976538085938E+0003 -7.10984602706130E-0003  9.34325428425824E+0001 -7.10984602706130E-0003  9.34325428425824E+0001 -7.10984602706130E-0003  9.34325428425824E+0001
 4.08948242187500E+0003 -4.36524975106498E-0002  3.40186817759235E+0001 -4.36524975106498E-0002  3.40186817759235E+0001 -4.36524975106498E-0002  3.40186817759235E+0001
 4.40405810546875E+0003 -5.86862966163243E-0002  1.77369846233679E+0001 -5.86862966163243E-0002  1.77369846233679E+0001 -5.86862966163243E-0002  1.77369846233679E+0001
 4.82349218750000E+0003 -9.64843991420370E-0002  1.85241830041011E+0001 -9.64843991420370E-0002  1.85241830041011E+0001 -9.64843991420370E-0002  1.85241830041011E+0001
 5.24292626953125E+0003 -1.10339265469060E-0001  1.57875955520427E+0001 -1.10339265469060E-0001  1.57875955520427E+0001 -1.10339265469060E-0001  1.57875955520427E+0001
 5.66236035156250E+0003 -1.29006114813881E-0001  1.51866175761571E+0001 -1.29006114813881E-0001  1.51866175761571E+0001 -1.29006114813881E-0001  1.51866175761571E+0001
 6.08179443359375E+0003 -1.25340122261669E-0001  1.40278194103214E+0001 -1.25340122261669E-0001  1.40278194103214E+0001 -1.25340122261669E-0001  1.40278194103214E+0001
 6.50122851562500E+0003 -5.85756645772079E-0002  7.20850825798847E+0000 -5.85756645772079E-0002  7.20850825798847E+0000 -5.85756645772079E-0002  7.20850825798847E+0000
 6.92066259765625E+0003 -4.30611428109750E-0001  1.92719662418030E+0000 -4.30611428109750E-0001  1.92719662418030E+0000 -4.30611428109750E-0001  1.92719662418030E+0000
 7.34009667968750E+0003 -7.43907136950772E-0001  2.31328020047525E+0000 -7.43907136950772E-0001  2.31328020047525E+0000 -7.43907136950772E-0001  2.31328020047525E+0000
 7.75953076171875E+0003 -1.00000000000000E+0000  2.94742870803412E+0000 -1.00000000000000E+0000  2.94742870803412E+0000 -1.00000000000000E+0000  2.94742870803412E+0000
 8.17896484375000E+0003 -1.00000000000000E+0000  2.94742870803412E+0000 -1.00000000000000E+0000  2.94742870803412E+0000 -1.00000000000000E+0000  2.94742870803412E+0000
