 Corr.Time[ms]           Correlation(1->2+2->1)  Weighting(1->2+2->1)    Correlation(1->2)       Weighting(1->2)         Correlation(2->1)       Weighting(2->1)
 1.42502551898360E-0003  1.58121737967525E+0000  6.94408018640804E-0001  1.58121737967525E+0000  6.94408018640804E-0001  1.58121737967525E+0000  6.94408018640804E-0001
 1.52502732817083E-0003  3.97682202651662E+0000  4.92651686693162E-0001  3.97682202651662E+0000  4.92651686693162E-0001  3.97682202651662E+0000  4.92651686693162E-0001
 1.62502913735807E-0003  5.32650771572311E+0000  3.67893268387480E-0001  5.32650771572311E+0000  3.67893268387480E-0001  5.32650771572311E+0000  3.67893268387480E-0001
 1.72503094654530E-0003  7.98564261468631E+0000  1.69979074768142E-0001  7.98564261468631E+0000  1.69979074768142E-0001  7.98564261468631E+0000  1.69979074768142E-0001
 1.82503275573254E-0003  2.98594615706197E+0000  4.20838650560657E-0001  2.98594615706197E+0000  4.20838650560657E-0001  2.98594615706197E+0000  4.20838650560657E-0001
 1.97503529489040E-0003  1.51727730931007E+0000  9.90052046648954E-0001  1.51727730931007E+0000  9.90052046648954E-0001  1.51727730931007E+0000  9.90052046648954E-0001
 2.17503891326487E-0003  2.01271544101092E+0000  8.83597863441133E-0001  2.01271544101092E+0000  8.83597863441133E-0001  2.01271544101092E+0000  8.83597863441133E-0001
 2.37504253163934E-0003  3.46996480728763E-0001  8.05641797563301E-0001  3.46996480728763E-0001  8.05641797563301E-0001  3.46996480728763E-0001  8.05641797563301E-0001
 2.57504615001380E-0003  2.05047901463011E+0000  7.51387258807639E-0001  2.05047901463011E+0000  7.51387258807639E-0001  2.05047901463011E+0000  7.51387258807639E-0001
 2.77504976838827E-0003  4.07852655674516E+0000  3.84804808650335E-0001  4.07852655674516E+0000  3.84804808650335E-0001  4.07852655674516E+0000  3.84804808650335E-0001
 2.97505338676274E-0003  3.36860962603897E+0000  8.54525355075264E-0001  3.36860962603897E+0000  8.54525355075264E-0001  3.36860962603897E+0000  8.54525355075264E-0001
 3.17505700513721E-0003  2.62982653060932E+0000  8.16822542892570E-0001  2.62982653060932E+0000  8.16822542892570E-0001  2.62982653060932E+0000  8.16822542892570E-0001
 3.37506062351167E-0003  6.38132578926533E+0000  6.07063509614165E-0001  6.38132578926533E+0000  6.07063509614165E-0001  6.38132578926533E+0000  6.07063509614165E-0001
 3.57506400905550E-0003  3.80010788445353E+0000  1.44914653953900E+0000  3.80010788445353E+0000  1.44914653953900E+0000  3.80010788445353E+0000  1.44914653953900E+0000
 3.77506762742996E-0003  3.58697372262332E+0000  4.46398009002729E-0001  3.58697372262332E+0000  4.46398009002729E-0001  3.58697372262332E+0000  4.46398009002729E-0001
 4.07507317140698E-0003  3.10780277134079E+0000  5.73956246051576E-0001  3.10780277134079E+0000  5.73956246051576E-0001  3.10780277134079E+0000  5.73956246051576E-0001
 4.47508040815592E-0003  2.86135392096469E+0000  5.84157916244881E-0001  2.86135392096469E+0000  5.84157916244881E-0001  2.86135392096469E+0000  5.84157916244881E-0001
 4.87508717924356E-0003  3.49667434745280E+0000  7.82508953796560E-0001  3.49667434745280E+0000  7.82508953796560E-0001  3.49667434745280E+0000  7.82508953796560E-0001
 5.27509441599250E-0003  3.40746156384844E+0000  7.32063669080283E-0001  3.40746156384844E+0000  7.32063669080283E-0001  3.40746156384844E+0000  7.32063669080283E-0001
 5.67510165274143E-0003  2.20094447070250E+0000  9.41335733082796E-0001  2.20094447070250E+0000  9.41335733082796E-0001  2.20094447070250E+0000  9.41335733082796E-0001
 6.07510888949037E-0003  2.70442502079029E+0000  7.29390572405072E-0001  2.70442502079029E+0000  7.29390572405072E-0001  2.70442502079029E+0000  7.29390572405072E-0001
 6.47511612623930E-0003  1.87290981649772E+0000  8.63580121844080E-0001  1.87290981649772E+0000  8.63580121844080E-0001  1.87290981649772E+0000  8.63580121844080E-0001
 6.87512336298823E-0003  2.50950050795103E+0000  1.10398300585717E+0000  2.50950050795103E+0000  1.10398300585717E+0000  2.50950050795103E+0000  1.10398300585717E+0000
 7.27513059973717E-0003  2.99989269470686E+0000  2.56828661187589E+0000  2.99989269470686E+0000  2.56828661187589E+0000  2.99989269470686E+0000  2.56828661187589E+0000
 7.67513783648610E-0003  1.62956519784464E+0000  8.27570760105712E-0001  1.62956519784464E+0000  8.27570760105712E-0001  1.62956519784464E+0000  8.27570760105712E-0001
 8.27514845877886E-0003  1.90774012410112E+0000  3.82787628584129E+0000  1.90774012410112E+0000  3.82787628584129E+0000  1.90774012410112E+0000  3.82787628584129E+0000
 9.07516293227673E-0003  1.92439782123458E+0000  9.83359066038000E-0001  1.92439782123458E+0000  9.83359066038000E-0001  1.92439782123458E+0000  9.83359066038000E-0001
 9.87517740577459E-0003  1.75056629657175E+0000  9.45012211696297E-0001  1.75056629657175E+0000  9.45012211696297E-0001  1.75056629657175E+0000  9.45012211696297E-0001
 1.06751909479498E-0002  1.92406228566858E+0000  1.63436322883227E+0000  1.92406228566858E+0000  1.63436322883227E+0000  1.92406228566858E+0000  1.63436322883227E+0000
 1.14752054214477E-0002  2.51352374415120E+0000  3.10615687519245E+0000  2.51352374415120E+0000  3.10615687519245E+0000  2.51352374415120E+0000  3.10615687519245E+0000
 1.22752198949456E-0002  2.59610160934922E+0000  8.10327719050273E-0001  2.59610160934922E+0000  8.10327719050273E-0001  2.59610160934922E+0000  8.10327719050273E-0001
 1.30752343684434E-0002  2.09709406140340E+0000  2.35644804175657E+0000  2.09709406140340E+0000  2.35644804175657E+0000  2.09709406140340E+0000  2.35644804175657E+0000
 1.38752488419413E-0002  2.95126880342402E+0000  1.78789762997287E+0000  2.95126880342402E+0000  1.78789762997287E+0000  2.95126880342402E+0000  1.78789762997287E+0000
 1.46752633154392E-0002  1.57598519554477E+0000  1.92537536273230E+0000  1.57598519554477E+0000  1.92537536273230E+0000  1.57598519554477E+0000  1.92537536273230E+0000
 1.54752777889370E-0002  2.18612512487777E+0000  9.51173552460221E-0001  2.18612512487777E+0000  9.51173552460221E-0001  2.18612512487777E+0000  9.51173552460221E-0001
 1.66752990335226E-0002  3.02564159655043E+0000  1.44473949938003E+0000  3.02564159655043E+0000  1.44473949938003E+0000  3.02564159655043E+0000  1.44473949938003E+0000
 1.82753279805183E-0002  2.36147346711819E+0000  6.33339505470516E+0000  2.36147346711819E+0000  6.33339505470516E+0000  2.36147346711819E+0000  6.33339505470516E+0000
 1.98753569275141E-0002  2.37179474989269E+0000  3.01785618430914E+0000  2.37179474989269E+0000  3.01785618430914E+0000  2.37179474989269E+0000  3.01785618430914E+0000
 2.14753858745098E-0002  2.32795275135779E+0000  1.83637091217942E+0000  2.32795275135779E+0000  1.83637091217942E+0000  2.32795275135779E+0000  1.83637091217942E+0000
 2.30754129588604E-0002  3.40269392649831E+0000  1.33891678731849E+0000  3.40269392649831E+0000  1.33891678731849E+0000  3.40269392649831E+0000  1.33891678731849E+0000
 2.46754419058561E-0002  2.92869952765512E+0000  3.79279564734446E+0000  2.92869952765512E+0000  3.79279564734446E+0000  2.92869952765512E+0000  3.79279564734446E+0000
 2.62754708528519E-0002  1.69825142011440E+0000  4.06263702066066E+0000  1.69825142011440E+0000  4.06263702066066E+0000  1.69825142011440E+0000  4.06263702066066E+0000
 2.78754997998476E-0002  2.70622052873319E+0000  2.74161107671575E+0000  2.70622052873319E+0000  2.74161107671575E+0000  2.70622052873319E+0000  2.74161107671575E+0000
 2.94755287468433E-0002  3.79903156888383E+0000  1.28115785953456E+0001  3.79903156888383E+0000  1.28115785953456E+0001  3.79903156888383E+0000  1.28115785953456E+0001
 3.10755576938391E-0002  2.39378553702950E+0000  1.31154597986251E+0000  2.39378553702950E+0000  1.31154597986251E+0000  2.39378553702950E+0000  1.31154597986251E+0000
 3.34756001830101E-0002  2.29144183556131E+0000  2.04511222029947E+0000  2.29144183556131E+0000  2.04511222029947E+0000  2.29144183556131E+0000  2.04511222029947E+0000
 3.66756580770016E-0002  2.73676436769455E+0000  2.41828355331251E+0000  2.73676436769455E+0000  2.41828355331251E+0000  2.73676436769455E+0000  2.41828355331251E+0000
 3.98757159709930E-0002  2.15673073782214E+0000  3.26293258130031E+0000  2.15673073782214E+0000  3.26293258130031E+0000  2.15673073782214E+0000  3.26293258130031E+0000
 4.30757738649845E-0002  2.23950369330343E+0000  3.92933323370744E+0000  2.23950369330343E+0000  3.92933323370744E+0000  2.23950369330343E+0000  3.92933323370744E+0000
 4.62758280336857E-0002  2.14693679610142E+0000  4.30173216928638E+0000  2.14693679610142E+0000  4.30173216928638E+0000  2.14693679610142E+0000  4.30173216928638E+0000
 4.94758859276772E-0002  2.33796831757626E+0000  1.94397461362131E+0000  2.33796831757626E+0000  1.94397461362131E+0000  2.33796831757626E+0000  1.94397461362131E+0000
 5.26759438216686E-0002  2.71336562739310E+0000  3.04956547193627E+0000  2.71336562739310E+0000  3.04956547193627E+0000  2.71336562739310E+0000  3.04956547193627E+0000
 5.58760017156601E-0002  2.05822382871739E+0000  1.95009046734052E+0000  2.05822382871739E+0000  1.95009046734052E+0000  2.05822382871739E+0000  1.95009046734052E+0000
 5.90760596096516E-0002  2.75111063614301E+0000  1.64627404456316E+0000  2.75111063614301E+0000  1.64627404456316E+0000  2.75111063614301E+0000  1.64627404456316E+0000
 6.22761175036430E-0002  2.96808852871977E+0000  6.29914068769926E+0000  2.96808852871977E+0000  6.29914068769926E+0000  2.96808852871977E+0000  6.29914068769926E+0000
 6.70762062072754E-0002  2.68766859594585E+0000  2.22608723570817E+0000  2.68766859594585E+0000  2.22608723570817E+0000  2.68766859594585E+0000  2.22608723570817E+0000
 7.34763145446777E-0002  2.15691201374986E+0000  3.50947644587021E+0000  2.15691201374986E+0000  3.50947644587021E+0000  2.15691201374986E+0000  3.50947644587021E+0000
 7.98764303326607E-0002  2.08655892189222E+0000  2.80598101193615E+0000  2.08655892189222E+0000  2.80598101193615E+0000  2.08655892189222E+0000  2.80598101193615E+0000
 8.62765461206436E-0002  2.20610657751110E+0000  3.11792605506637E+0000  2.20610657751110E+0000  3.11792605506637E+0000  2.20610657751110E+0000  3.11792605506637E+0000
 9.26766619086266E-0002  2.61851805483736E+0000  3.79276136179645E+0000  2.61851805483736E+0000  3.79276136179645E+0000  2.61851805483736E+0000  3.79276136179645E+0000
 9.90767776966095E-0002  2.06986212603276E+0000  3.94679445844380E+0000  2.06986212603276E+0000  3.94679445844380E+0000  2.06986212603276E+0000  3.94679445844380E+0000
 1.05476893484592E-0001  1.96085006398923E+0000  2.79401358622810E+0000  1.96085006398923E+0000  2.79401358622810E+0000  1.96085006398923E+0000  2.79401358622810E+0000
 1.11877009272575E-0001  2.35798819651203E+0000  6.14385304344705E+0000  2.35798819651203E+0000  6.14385304344705E+0000  2.35798819651203E+0000  6.14385304344705E+0000
 1.18277117609977E-0001  1.93679212609468E+0000  2.15432116188779E+0000  1.93679212609468E+0000  2.15432116188779E+0000  1.93679212609468E+0000  2.15432116188779E+0000
 1.24677233397960E-0001  2.05867171201209E+0000  2.52278410098665E+0000  2.05867171201209E+0000  2.52278410098665E+0000  2.05867171201209E+0000  2.52278410098665E+0000
 1.34277403354645E-0001  2.25780130596623E+0000  4.79179341256730E+0000  2.25780130596623E+0000  4.79179341256730E+0000  2.25780130596623E+0000  4.79179341256730E+0000
 1.47077634930611E-0001  1.78735639091723E+0000  4.06901865566287E+0000  1.78735639091723E+0000  4.06901865566287E+0000  1.78735639091723E+0000  4.06901865566287E+0000
 1.59877866506577E-0001  2.07408110612929E+0000  3.15654074957243E+0000  2.07408110612929E+0000  3.15654074957243E+0000  2.07408110612929E+0000  3.15654074957243E+0000
 1.72678098082542E-0001  2.27927280036479E+0000  5.08540256144719E+0000  2.27927280036479E+0000  5.08540256144719E+0000  2.27927280036479E+0000  5.08540256144719E+0000
 1.85478329658508E-0001  2.18881080841851E+0000  6.39838111271586E+0000  2.18881080841851E+0000  6.39838111271586E+0000  2.18881080841851E+0000  6.39838111271586E+0000
 1.98278561234474E-0001  1.85889125911090E+0000  1.00304287999521E+0001  1.85889125911090E+0000  1.00304287999521E+0001  1.85889125911090E+0000  1.00304287999521E+0001
 2.11078777909279E-0001  1.95799963007864E+0000  8.03046933030783E+0000  1.95799963007864E+0000  8.03046933030783E+0000  1.95799963007864E+0000  8.03046933030783E+0000
 2.23879009485245E-0001  2.20865853974299E+0000  1.28508947404494E+0001  2.20865853974299E+0000  1.28508947404494E+0001  2.20865853974299E+0000  1.28508947404494E+0001
 2.36679241061211E-0001  1.92901189089169E+0000  5.63169022069185E+0000  1.92901189089169E+0000  5.63169022069185E+0000  1.92901189089169E+0000  5.63169022069185E+0000
 2.49479472637177E-0001  2.17256503507879E+0000  6.31221433873371E+0000  2.17256503507879E+0000  6.31221433873371E+0000  2.17256503507879E+0000  6.31221433873371E+0000
 2.68679827451706E-0001  1.86835903258608E+0000  6.07481069222290E+0000  1.86835903258608E+0000  6.07481069222290E+0000  1.86835903258608E+0000  6.07481069222290E+0000
 2.94280290603638E-0001  2.00581035973520E+0000  5.18440482544581E+0000  2.00581035973520E+0000  5.18440482544581E+0000  2.00581035973520E+0000  5.18440482544581E+0000
 3.19880723953247E-0001  1.83040626916909E+0000  6.33831741243660E+0000  1.83040626916909E+0000  6.33831741243660E+0000  1.83040626916909E+0000  6.33831741243660E+0000
 3.45481187105179E-0001  2.09881073616417E+0000  5.86027077901152E+0000  2.09881073616417E+0000  5.86027077901152E+0000  2.09881073616417E+0000  5.86027077901152E+0000
 3.71081650257111E-0001  1.86444233615683E+0000  8.16727245057554E+0000  1.86444233615683E+0000  8.16727245057554E+0000  1.86444233615683E+0000  8.16727245057554E+0000
 3.96682113409042E-0001  1.90379529953895E+0000  7.37909764965364E+0000  1.90379529953895E+0000  7.37909764965364E+0000  1.90379529953895E+0000  7.37909764965364E+0000
 4.22282576560974E-0001  1.88646571639384E+0000  5.09614442058586E+0000  1.88646571639384E+0000  5.09614442058586E+0000  1.88646571639384E+0000  5.09614442058586E+0000
 4.47883039712906E-0001  2.03839492879279E+0000  6.52383928974092E+0000  2.03839492879279E+0000  6.52383928974092E+0000  2.03839492879279E+0000  6.52383928974092E+0000
 4.73483502864838E-0001  1.68657587585982E+0000  1.11480028806224E+0001  1.68657587585982E+0000  1.11480028806224E+0001  1.68657587585982E+0000  1.11480028806224E+0001
 4.99083936214447E-0001  1.74541655888916E+0000  8.01591542082766E+0000  1.74541655888916E+0000  8.01591542082766E+0000  1.74541655888916E+0000  8.01591542082766E+0000
 5.37484645843506E-0001  1.75379078541739E+0000  7.97914353389634E+0000  1.75379078541739E+0000  7.97914353389634E+0000  1.75379078541739E+0000  7.97914353389634E+0000
 5.88685572147369E-0001  1.96836745138583E+0000  4.63610520987294E+0000  1.96836745138583E+0000  4.63610520987294E+0000  1.96836745138583E+0000  4.63610520987294E+0000
 6.39886498451233E-0001  1.73800375589884E+0000  4.60644671988948E+0000  1.73800375589884E+0000  4.60644671988948E+0000  1.73800375589884E+0000  4.60644671988948E+0000
 6.91087365150452E-0001  1.72112502418351E+0000  9.16090958978826E+0000  1.72112502418351E+0000  9.16090958978826E+0000  1.72112502418351E+0000  9.16090958978826E+0000
 7.42288291454315E-0001  1.77347049643918E+0000  6.48936299680977E+0000  1.77347049643918E+0000  6.48936299680977E+0000  1.77347049643918E+0000  6.48936299680977E+0000
 7.93489217758179E-0001  1.73361169454880E+0000  9.23235756601629E+0000  1.73361169454880E+0000  9.23235756601629E+0000  1.73361169454880E+0000  9.23235756601629E+0000
 8.44690144062042E-0001  1.81941088893023E+0000  5.81792533441314E+0000  1.81941088893023E+0000  5.81792533441314E+0000  1.81941088893023E+0000  5.81792533441314E+0000
 8.95891070365906E-0001  1.80807846588834E+0000  1.85844755166741E+0001  1.80807846588834E+0000  1.85844755166741E+0001  1.80807846588834E+0000  1.85844755166741E+0001
 9.47091996669769E-0001  1.68216619184632E+0000  4.49778347226335E+0000  1.68216619184632E+0000  4.49778347226335E+0000  1.68216619184632E+0000  4.49778347226335E+0000
 9.98292922973633E-0001  1.73566305809361E+0000  5.35043022452915E+0000  1.73566305809361E+0000  5.35043022452915E+0000  1.73566305809361E+0000  5.35043022452915E+0000
 1.07509422302246E+0000  1.75066638873188E+0000  4.43705410157615E+0000  1.75066638873188E+0000  4.43705410157615E+0000  1.75066638873188E+0000  4.43705410157615E+0000
 1.17749607563019E+0000  1.63969439325263E+0000  7.87125553691190E+0000  1.63969439325263E+0000  7.87125553691190E+0000  1.63969439325263E+0000  7.87125553691190E+0000
 1.27989792823792E+0000  1.66319801118385E+0000  8.34777709355183E+0000  1.66319801118385E+0000  8.34777709355183E+0000  1.66319801118385E+0000  8.34777709355183E+0000
 1.38229978084564E+0000  1.59031886154156E+0000  8.12742492004057E+0000  1.59031886154156E+0000  8.12742492004057E+0000  1.59031886154156E+0000  8.12742492004057E+0000
 1.48470163345337E+0000  1.62288824281805E+0000  5.63894118524591E+0000  1.62288824281805E+0000  5.63894118524591E+0000  1.62288824281805E+0000  5.63894118524591E+0000
 1.58710348606110E+0000  1.55159187521650E+0000  7.75375357485505E+0000  1.55159187521650E+0000  7.75375357485505E+0000  1.55159187521650E+0000  7.75375357485505E+0000
 1.68950533866882E+0000  1.51689533680151E+0000  7.52265866748634E+0000  1.51689533680151E+0000  7.52265866748634E+0000  1.51689533680151E+0000  7.52265866748634E+0000
 1.79190707206726E+0000  1.61752830657699E+0000  8.14764569752074E+0000  1.61752830657699E+0000  8.14764569752074E+0000  1.61752830657699E+0000  8.14764569752074E+0000
 1.89430892467499E+0000  1.44185871437070E+0000  4.79181756253913E+0000  1.44185871437070E+0000  4.79181756253913E+0000  1.44185871437070E+0000  4.79181756253913E+0000
 1.99671077728271E+0000  1.49027258249649E+0000  1.02072608320873E+0001  1.49027258249649E+0000  1.02072608320873E+0001  1.49027258249649E+0000  1.02072608320873E+0001
 2.15031361579895E+0000  1.49924255010457E+0000  7.60333204704464E+0000  1.49924255010457E+0000  7.60333204704464E+0000  1.49924255010457E+0000  7.60333204704464E+0000
 2.35511732101440E+0000  1.40130430076401E+0000  7.44035458410867E+0000  1.40130430076401E+0000  7.44035458410867E+0000  1.40130430076401E+0000  7.44035458410867E+0000
 2.55992078781128E+0000  1.34528630886864E+0000  8.68941470918502E+0000  1.34528630886864E+0000  8.68941470918502E+0000  1.34528630886864E+0000  8.68941470918502E+0000
 2.76472449302673E+0000  1.33962375956559E+0000  8.28983587453659E+0000  1.33962375956559E+0000  8.28983587453659E+0000  1.33962375956559E+0000  8.28983587453659E+0000
 2.96952819824219E+0000  1.33236502069895E+0000  7.97080321687965E+0000  1.33236502069895E+0000  7.97080321687965E+0000  1.33236502069895E+0000  7.97080321687965E+0000
 3.17433190345764E+0000  1.36488194463150E+0000  1.10806563732740E+0001  1.36488194463150E+0000  1.10806563732740E+0001  1.36488194463150E+0000  1.10806563732740E+0001
 3.37913560867310E+0000  1.35630058940703E+0000  1.07688464635331E+0001  1.35630058940703E+0000  1.07688464635331E+0001  1.35630058940703E+0000  1.07688464635331E+0001
 3.58393931388855E+0000  1.22294643318140E+0000  1.02676939657763E+0001  1.22294643318140E+0000  1.02676939657763E+0001  1.22294643318140E+0000  1.02676939657763E+0001
 3.78874301910400E+0000  1.18802242347370E+0000  1.04088438393153E+0001  1.18802242347370E+0000  1.04088438393153E+0001  1.18802242347370E+0000  1.04088438393153E+0001
 3.99354648590088E+0000  1.20395490240019E+0000  8.32815083456451E+0000  1.20395490240019E+0000  8.32815083456451E+0000  1.20395490240019E+0000  8.32815083456451E+0000
 4.30075216293335E+0000  1.13194869988544E+0000  1.21989864687615E+0001  1.13194869988544E+0000  1.21989864687615E+0001  1.13194869988544E+0000  1.21989864687615E+0001
 4.71035957336426E+0000  1.14842346295551E+0000  1.16214035876532E+0001  1.14842346295551E+0000  1.16214035876532E+0001  1.14842346295551E+0000  1.16214035876532E+0001
 5.11996698379517E+0000  1.09253245143337E+0000  9.32382553119751E+0000  1.09253245143337E+0000  9.32382553119751E+0000  1.09253245143337E+0000  9.32382553119751E+0000
 5.52957391738892E+0000  9.96712913579923E-0001  9.38073891266634E+0000  9.96712913579923E-0001  9.38073891266634E+0000  9.96712913579923E-0001  9.38073891266634E+0000
 5.93918132781982E+0000  1.00302553489753E+0000  1.08182171388224E+0001  1.00302553489753E+0000  1.08182171388224E+0001  1.00302553489753E+0000  1.08182171388224E+0001
 6.34878873825073E+0000  9.86434907109847E-0001  9.76542584187702E+0000  9.86434907109847E-0001  9.76542584187702E+0000  9.86434907109847E-0001  9.76542584187702E+0000
 6.75839614868164E+0000  8.99829387468036E-0001  9.74013093983445E+0000  8.99829387468036E-0001  9.74013093983445E+0000  8.99829387468036E-0001  9.74013093983445E+0000
 7.16800355911255E+0000  8.37471073285740E-0001  1.29732217687042E+0001  8.37471073285740E-0001  1.29732217687042E+0001  8.37471073285740E-0001  1.29732217687042E+0001
 7.57761096954346E+0000  8.30986926773117E-0001  1.11880029594913E+0001  8.30986926773117E-0001  1.11880029594913E+0001  8.30986926773117E-0001  1.11880029594913E+0001
 7.98721837997437E+0000  8.24445235865125E-0001  1.04402295857358E+0001  8.24445235865125E-0001  1.04402295857358E+0001  8.24445235865125E-0001  1.04402295857358E+0001
 8.60162925720215E+0000  7.26730811019756E-0001  1.10562165472360E+0001  7.26730811019756E-0001  1.10562165472360E+0001  7.26730811019756E-0001  1.10562165472360E+0001
 9.42084407806396E+0000  7.03724155885455E-0001  1.25822462546391E+0001  7.03724155885455E-0001  1.25822462546391E+0001  7.03724155885455E-0001  1.25822462546391E+0001
 1.02400588989257E+0001  6.12440153957299E-0001  1.36230463162490E+0001  6.12440153957299E-0001  1.36230463162490E+0001  6.12440153957299E-0001  1.36230463162490E+0001
 1.10592737197876E+0001  6.26276329747248E-0001  1.12505096397160E+0001  6.26276329747248E-0001  1.12505096397160E+0001  6.26276329747248E-0001  1.12505096397160E+0001
 1.18784875869751E+0001  5.89578937039754E-0001  1.19885898849143E+0001  5.89578937039754E-0001  1.19885898849143E+0001  5.89578937039754E-0001  1.19885898849143E+0001
 1.26977024078369E+0001  5.51009400216618E-0001  1.47257655594317E+0001  5.51009400216618E-0001  1.47257655594317E+0001  5.51009400216618E-0001  1.47257655594317E+0001
 1.35169172286987E+0001  4.80633772829055E-0001  1.14280120446878E+0001  4.80633772829055E-0001  1.14280120446878E+0001  4.80633772829055E-0001  1.14280120446878E+0001
 1.43361320495605E+0001  4.56611362031817E-0001  1.37079692814149E+0001  4.56611362031817E-0001  1.37079692814149E+0001  4.56611362031817E-0001  1.37079692814149E+0001
 1.51553468704223E+0001  3.94635976708486E-0001  1.91072523333292E+0001  3.94635976708486E-0001  1.91072523333292E+0001  3.94635976708486E-0001  1.91072523333292E+0001
 1.59745616912841E+0001  3.61293733909174E-0001  9.96435797173728E+0000  3.61293733909174E-0001  9.96435797173728E+0000  3.61293733909174E-0001  9.96435797173728E+0000
 1.72033824920654E+0001  3.40989988880015E-0001  1.14162556381220E+0001  3.40989988880015E-0001  1.14162556381220E+0001  3.40989988880015E-0001  1.14162556381220E+0001
 1.88418121337891E+0001  2.89711316387437E-0001  1.08334939167409E+0001  2.89711316387437E-0001  1.08334939167409E+0001  2.89711316387437E-0001  1.08334939167409E+0001
 2.04802417755127E+0001  2.53308555020171E-0001  1.09895460881229E+0001  2.53308555020171E-0001  1.09895460881229E+0001  2.53308555020171E-0001  1.09895460881229E+0001
 2.21186714172363E+0001  2.30709793605997E-0001  1.22481880077876E+0001  2.30709793605997E-0001  1.22481880077876E+0001  2.30709793605997E-0001  1.22481880077876E+0001
 2.37571010589600E+0001  2.06357473250680E-0001  1.18510933216095E+0001  2.06357473250680E-0001  1.18510933216095E+0001  2.06357473250680E-0001  1.18510933216095E+0001
 2.53955307006836E+0001  1.66217931023836E-0001  1.15379790549438E+0001  1.66217931023836E-0001  1.15379790549438E+0001  1.66217931023836E-0001  1.15379790549438E+0001
 2.70339603424072E+0001  1.38164901954585E-0001  1.18436594944066E+0001  1.38164901954585E-0001  1.18436594944066E+0001  1.38164901954585E-0001  1.18436594944066E+0001
 2.86723899841309E+0001  1.36694571294837E-0001  1.21020494470290E+0001  1.36694571294837E-0001  1.21020494470290E+0001  1.36694571294837E-0001  1.21020494470290E+0001
 3.03108177185059E+0001  1.33989475963465E-0001  1.28939210407520E+0001  1.33989475963465E-0001  1.28939210407520E+0001  1.33989475963465E-0001  1.28939210407520E+0001
 3.19492473602295E+0001  1.02635568280827E-0001  1.10100507299560E+0001  1.02635568280827E-0001  1.10100507299560E+0001  1.02635568280827E-0001  1.10100507299560E+0001
 3.44068908691406E+0001  1.12585615409922E-0001  1.28320983094573E+0001  1.12585615409922E-0001  1.28320983094573E+0001  1.12585615409922E-0001  1.28320983094573E+0001
 3.76837501525879E+0001  9.08096393173489E-0002  1.32078763811541E+0001  9.08096393173489E-0002  1.32078763811541E+0001  9.08096393173489E-0002  1.32078763811541E+0001
 4.09606094360352E+0001  9.15949131374403E-0002  1.45250675833065E+0001  9.15949131374403E-0002  1.45250675833065E+0001  9.15949131374403E-0002  1.45250675833065E+0001
 4.42374687194824E+0001  1.08143608503731E-0001  1.89645640794661E+0001  1.08143608503731E-0001  1.89645640794661E+0001  1.08143608503731E-0001  1.89645640794661E+0001
 4.75143280029297E+0001  9.80408186362992E-0002  1.62947679083641E+0001  9.80408186362992E-0002  1.62947679083641E+0001  9.80408186362992E-0002  1.62947679083641E+0001
 5.07911872863770E+0001  1.04919742822758E-0001  2.16251671930833E+0001  1.04919742822758E-0001  2.16251671930833E+0001  1.04919742822758E-0001  2.16251671930833E+0001
 5.40680427551270E+0001  9.16575201290269E-0002  1.87967904879786E+0001  9.16575201290269E-0002  1.87967904879786E+0001  9.16575201290269E-0002  1.87967904879786E+0001
 5.73449020385742E+0001  9.02076527199564E-0002  2.04211232367995E+0001  9.02076527199564E-0002  2.04211232367995E+0001  9.02076527199564E-0002  2.04211232367995E+0001
 6.06217613220215E+0001  7.49478288518356E-0002  2.11146896528424E+0001  7.49478288518356E-0002  2.11146896528424E+0001  7.49478288518356E-0002  2.11146896528424E+0001
 6.38986206054688E+0001  5.79949862124607E-0002  2.71791915386253E+0001  5.79949862124607E-0002  2.71791915386253E+0001  5.79949862124607E-0002  2.71791915386253E+0001
 6.88139114379883E+0001  5.89149443273647E-0002  5.90791188465723E+0001  5.89149443273647E-0002  5.90791188465723E+0001  5.89149443273647E-0002  5.90791188465723E+0001
 7.53676300048828E+0001  3.48653810495233E-0002  2.44325158269159E+0001  3.48653810495233E-0002  2.44325158269159E+0001  3.48653810495233E-0002  2.44325158269159E+0001
 8.19213409423828E+0001  6.88079815872177E-0002  2.11366942644473E+0001  6.88079815872177E-0002  2.11366942644473E+0001  6.88079815872177E-0002  2.11366942644473E+0001
 8.84750595092773E+0001  7.00046013131625E-0002  2.78779921892990E+0001  7.00046013131625E-0002  2.78779921892990E+0001  7.00046013131625E-0002  2.78779921892990E+0001
 9.50287780761719E+0001  5.46680750599572E-0002  2.83587705833643E+0001  5.46680750599572E-0002  2.83587705833643E+0001  5.46680750599572E-0002  2.83587705833643E+0001
 1.01582496643066E+0002  2.85107208606224E-0002  4.06431600100653E+0001  2.85107208606224E-0002  4.06431600100653E+0001  2.85107208606224E-0002  4.06431600100653E+0001
 1.08136215209960E+0002  1.78166731866810E-0002  2.66258923305379E+0001  1.78166731866810E-0002  2.66258923305379E+0001  1.78166731866810E-0002  2.66258923305379E+0001
 1.14689933776855E+0002 -2.56286052819526E-0002  3.62066445576347E+0001 -2.56286052819526E-0002  3.62066445576347E+0001 -2.56286052819526E-0002  3.62066445576347E+0001
 1.21243652343750E+0002 -1.61140908562296E-0002  4.21742603821063E+0001 -1.61140908562296E-0002  4.21742603821063E+0001 -1.61140908562296E-0002  4.21742603821063E+0001
 1.27797363281250E+0002  2.18970324813795E-0002  3.63115647858809E+0001  2.18970324813795E-0002  3.63115647858809E+0001  2.18970324813795E-0002  3.63115647858809E+0001
 1.37627944946289E+0002  7.25226261167575E-0003  2.70564031742897E+0001  7.25226261167575E-0003  2.70564031742897E+0001  7.25226261167575E-0003  2.70564031742897E+0001
 1.50735382080078E+0002 -4.77403439502045E-0002  4.87045891989626E+0001 -4.77403439502045E-0002  4.87045891989626E+0001 -4.77403439502045E-0002  4.87045891989626E+0001
 1.63842819213867E+0002 -8.28665642585037E-0002  2.77118200596431E+0001 -8.28665642585037E-0002  2.77118200596431E+0001 -8.28665642585037E-0002  2.77118200596431E+0001
 1.76950241088867E+0002 -7.78463682911774E-0002  2.68373671999780E+0001 -7.78463682911774E-0002  2.68373671999780E+0001 -7.78463682911774E-0002  2.68373671999780E+0001
 1.90057678222656E+0002 -2.87185625494614E-0002  2.02865666483870E+0001 -2.87185625494614E-0002  2.02865666483870E+0001 -2.87185625494614E-0002  2.02865666483870E+0001
 2.03165115356445E+0002 -1.56164001217165E-0002  3.19572595836479E+0001 -1.56164001217165E-0002  3.19572595836479E+0001 -1.56164001217165E-0002  3.19572595836479E+0001
 2.16272552490234E+0002 -3.00334646529859E-0002  2.92811125250507E+0001 -3.00334646529859E-0002  2.92811125250507E+0001 -3.00334646529859E-0002  2.92811125250507E+0001
 2.29379989624023E+0002 -3.24418545161898E-0002  5.02796229251768E+0001 -3.24418545161898E-0002  5.02796229251768E+0001 -3.24418545161898E-0002  5.02796229251768E+0001
 2.42487426757813E+0002 -1.33221795408144E-0003  2.83562354016360E+0001 -1.33221795408144E-0003  2.83562354016360E+0001 -1.33221795408144E-0003  2.83562354016360E+0001
 2.55594863891602E+0002  3.07066433294596E-0003  3.41487581825586E+0001  3.07066433294596E-0003  3.41487581825586E+0001  3.07066433294596E-0003  3.41487581825586E+0001
 2.75256011962891E+0002  1.91555044542916E-0002  1.09651512650246E+0002  1.91555044542916E-0002  1.09651512650246E+0002  1.91555044542916E-0002  1.09651512650246E+0002
 3.01470886230469E+0002  1.49653387789252E-0002  2.28415292089327E+0002  1.49653387789252E-0002  2.28415292089327E+0002  1.49653387789252E-0002  2.28415292089327E+0002
 3.27685760498047E+0002 -2.17642563055299E-0002  4.22861416811824E+0001 -2.17642563055299E-0002  4.22861416811824E+0001 -2.17642563055299E-0002  4.22861416811824E+0001
 3.53900634765625E+0002  2.04455258230875E-0003  2.41291903299037E+0001  2.04455258230875E-0003  2.41291903299037E+0001  2.04455258230875E-0003  2.41291903299037E+0001
 3.80115478515625E+0002  3.29245791136471E-0002  2.67384541906563E+0001  3.29245791136471E-0002  2.67384541906563E+0001  3.29245791136471E-0002  2.67384541906563E+0001
 4.06330352783203E+0002 -1.79164775845788E-0002  6.49188436596862E+0001 -1.79164775845788E-0002  6.49188436596862E+0001 -1.79164775845788E-0002  6.49188436596862E+0001
 4.32545227050781E+0002  1.82602689430036E-0002  3.49779953191544E+0001  1.82602689430036E-0002  3.49779953191544E+0001  1.82602689430036E-0002  3.49779953191544E+0001
 4.58760101318359E+0002 -2.05838243308883E-0002  5.16280834235532E+0001 -2.05838243308883E-0002  5.16280834235532E+0001 -2.05838243308883E-0002  5.16280834235532E+0001
 4.84974975585938E+0002 -3.42495175269742E-0002  8.73348198108362E+0001 -3.42495175269742E-0002  8.73348198108362E+0001 -3.42495175269742E-0002  8.73348198108362E+0001
 5.11189849853516E+0002 -8.94309650306678E-0002  4.45403796965795E+0001 -8.94309650306678E-0002  4.45403796965795E+0001 -8.94309650306678E-0002  4.45403796965795E+0001
 5.50512145996094E+0002 -3.72844657928325E-0002  4.26021885363456E+0001 -3.72844657928325E-0002  4.26021885363456E+0001 -3.72844657928325E-0002  4.26021885363456E+0001
 6.02941894531250E+0002 -1.88340067006687E-0002  3.80659412288532E+0001 -1.88340067006687E-0002  3.80659412288532E+0001 -1.88340067006687E-0002  3.80659412288532E+0001
 6.55371643066406E+0002 -4.20897540070762E-0002  4.10120413994603E+0001 -4.20897540070762E-0002  4.10120413994603E+0001 -4.20897540070762E-0002  4.10120413994603E+0001
 7.07801391601563E+0002 -4.23286681055604E-0003  2.63607402556493E+0001 -4.23286681055604E-0003  2.63607402556493E+0001 -4.23286681055604E-0003  2.63607402556493E+0001
 7.60231079101563E+0002 -3.69231038315169E-0002  5.54859401635889E+0001 -3.69231038315169E-0002  5.54859401635889E+0001 -3.69231038315169E-0002  5.54859401635889E+0001
 8.12660827636719E+0002 -5.60648033178924E-0002  3.55610867835517E+0001 -5.60648033178924E-0002  3.55610867835517E+0001 -5.60648033178924E-0002  3.55610867835517E+0001
 8.65090576171875E+0002 -5.43461426368398E-0002  2.47272213074728E+0001 -5.43461426368398E-0002  2.47272213074728E+0001 -5.43461426368398E-0002  2.47272213074728E+0001
 9.17520324707031E+0002 -9.07725158077848E-0002  3.09386572057831E+0001 -9.07725158077848E-0002  3.09386572057831E+0001 -9.07725158077848E-0002  3.09386572057831E+0001
 9.69950073242188E+0002 -2.92561067077170E-0002  3.61290499988987E+0001 -2.92561067077170E-0002  3.61290499988987E+0001 -2.92561067077170E-0002  3.61290499988987E+0001
 1.02237982177734E+0003 -9.41106831117174E-0003  2.56960646611754E+0001 -9.41106831117174E-0003  2.56960646611754E+0001 -9.41106831117174E-0003  2.56960646611754E+0001
 1.10102441406250E+0003 -4.69465474365765E-0003  3.14311803826218E+0001 -4.69465474365765E-0003  3.14311803826218E+0001 -4.69465474365765E-0003  3.14311803826218E+0001
 1.20588391113281E+0003 -8.10762526984467E-0003  4.08379688676804E+0001 -8.10762526984467E-0003  4.08379688676804E+0001 -8.10762526984467E-0003  4.08379688676804E+0001
 1.31074340820313E+0003 -5.03670945970608E-0002  4.64135649725318E+0001 -5.03670945970608E-0002  4.64135649725318E+0001 -5.03670945970608E-0002  4.64135649725318E+0001
 1.41560290527344E+0003 -1.29999690002836E-0002  6.43996486396834E+0001 -1.29999690002836E-0002  6.43996486396834E+0001 -1.29999690002836E-0002  6.43996486396834E+0001
 1.52046228027344E+0003 -3.02899837705045E-0002  3.37192727599411E+0001 -3.02899837705045E-0002  3.37192727599411E+0001 -3.02899837705045E-0002  3.37192727599411E+0001
 1.62532177734375E+0003 -1.02421336607746E-0002  2.79533404487416E+0001 -1.02421336607746E-0002  2.79533404487416E+0001 -1.02421336607746E-0002  2.79533404487416E+0001
 1.73018127441406E+0003 -1.15356180298051E-0002  2.22952791396141E+0001 -1.15356180298051E-0002  2.22952791396141E+0001 -1.15356180298051E-0002  2.22952791396141E+0001
 1.83504077148438E+0003 -5.34865341554716E-0002  1.97532923932151E+0001 -5.34865341554716E-0002  1.97532923932151E+0001 -5.34865341554716E-0002  1.97532923932151E+0001
 1.93990026855469E+0003 -3.46007195891501E-0002  1.95034451929579E+0001 -3.46007195891501E-0002  1.95034451929579E+0001 -3.46007195891501E-0002  1.95034451929579E+0001
 2.04475976562500E+0003 -2.04422212812197E-0002  1.84673418253815E+0001 -2.04422212812197E-0002  1.84673418253815E+0001 -2.04422212812197E-0002  1.84673418253815E+0001
 2.20204907226563E+0003 -1.25322317976314E-0002  1.94967454478397E+0001 -1.25322317976314E-0002  1.94967454478397E+0001 -1.25322317976314E-0002  1.94967454478397E+0001
 2.41176782226563E+0003 -3.62577995720088E-0003  1.88548967343031E+0001 -3.62577995720088E-0003  1.88548967343031E+0001 -3.62577995720088E-0003  1.88548967343031E+0001
 2.62148681640625E+0003 -4.01039333666047E-0002  2.77148152381003E+0001 -4.01039333666047E-0002  2.77148152381003E+0001 -4.01039333666047E-0002  2.77148152381003E+0001
 2.83120581054688E+0003 -4.79343514843838E-0002  3.25034634052347E+0001 -4.79343514843838E-0002  3.25034634052347E+0001 -4.79343514843838E-0002  3.25034634052347E+0001
 3.04092480468750E+0003  2.33131467444868E-0002  2.90592795731342E+0001  2.33131467444868E-0002  2.90592795731342E+0001  2.33131467444868E-0002  2.90592795731342E+0001
 3.25064379882813E+0003  6.39150748166398E-0002  2.79638007714099E+0001  6.39150748166398E-0002  2.79638007714099E+0001  6.39150748166398E-0002  2.79638007714099E+0001
 3.46036279296875E+0003  2.98007957814256E-0003  5.63452857737522E+0001  2.98007957814256E-0003  5.63452857737522E+0001  2.98007957814256E-0003  5.63452857737522E+0001
 3.67008178710938E+0003 -3.23353029336979E-0002  3.86059075703242E+0001 -3.23353029336979E-0002  3.86059075703242E+0001 -3.23353029336979E-0002  3.86059075703242E+0001
 3.87980053710938E+0003  1.04247416742066E-0002  3.52550948403173E+0001  1.04247416742066E-0002  3.52550948403173E+0001  1.04247416742066E-0002  3.52550948403173E+0001
 4.08951953125000E+0003  4.97200355770723E-0003  6.25267771318887E+0001  4.97200355770723E-0003  6.25267771318887E+0001  4.97200355770723E-0003  6.25267771318887E+0001
 4.40409814453125E+0003  5.58911871158003E-0002  1.03454945985833E+0001  5.58911871158003E-0002  1.03454945985833E+0001  5.58911871158003E-0002  1.03454945985833E+0001
 4.82353613281250E+0003  1.25642939788536E-0002  1.88785853826844E+0001  1.25642939788536E-0002  1.88785853826844E+0001  1.25642939788536E-0002  1.88785853826844E+0001
 5.24297363281250E+0003  5.12348148637362E-0002  9.71956300967958E+0000  5.12348148637362E-0002  9.71956300967958E+0000  5.12348148637362E-0002  9.71956300967958E+0000
 5.66241162109375E+0003  2.06191909568085E-0001  3.09122269196644E+0000  2.06191909568085E-0001  3.09122269196644E+0000  2.06191909568085E-0001  3.09122269196644E+0000
 6.08184960937500E+0003  5.06364876337188E-0001  2.05343355364333E+0000  5.06364876337188E-0001  2.05343355364333E+0000  5.06364876337188E-0001  2.05343355364333E+0000
 6.50128759765625E+0003 -1.34336001031999E-0001  3.28828140264251E+0000 -1.34336001031999E-0001  3.28828140264251E+0000 -1.34336001031999E-0001  3.28828140264251E+0000
 6.92072558593750E+0003 -2.50112151852779E-0001  3.60233009649528E+0000 -2.50112151852779E-0001  3.60233009649528E+0000 -2.50112151852779E-0001  3.60233009649528E+0000
 7.34016357421875E+0003 -6.07893131347248E-0001  4.35181770258853E+0000 -6.07893131347248E-0001  4.35181770258853E+0000 -6.07893131347248E-0001  4.35181770258853E+0000
 7.75960156250000E+0003 -6.77239941218684E-0001  3.01210560461392E+0000 -6.77239941218684E-0001  3.01210560461392E+0000 -6.77239941218684E-0001  3.01210560461392E+0000
 8.17903955078125E+0003 -1.00000000000000E+0000  1.59865821906675E+0001 -1.00000000000000E+0000  1.59865821906675E+0001 -1.00000000000000E+0000  1.59865821906675E+0001
