 Corr.Time[ms]           Correlation(1->2+2->1)  Weighting(1->2+2->1)    Correlation(1->2)       Weighting(1->2)         Correlation(2->1)       Weighting(2->1)
 1.42501981463283E-0003  2.14317476885741E+0000  3.81207830765691E-0001  2.14317476885741E+0000  3.81207830765691E-0001  2.14317476885741E+0000  3.81207830765691E-0001
 1.52502115815877E-0003  4.08092904198485E+0000  1.73568098433580E-0001  4.08092904198485E+0000  1.73568098433580E-0001  4.08092904198485E+0000  1.73568098433580E-0001
 1.62502261810005E-0003  2.14317485494412E+0000  3.81207822084693E-0001  2.14317485494412E+0000  3.81207822084693E-0001  2.14317485494412E+0000  3.81207822084693E-0001
 1.72502396162599E-0003  5.26052626734872E+0000  2.65254020181940E-0001  5.26052626734872E+0000  2.65254020181940E-0001  5.26052626734872E+0000  2.65254020181940E-0001
 1.82502530515194E-0003  2.13255884903750E+0000  3.60675804727976E-0001  2.13255884903750E+0000  3.60675804727976E-0001  2.13255884903750E+0000  3.60675804727976E-0001
 1.97502737864852E-0003  5.63983795260195E-0001  5.23837360669088E-0001  5.63983795260195E-0001  5.23837360669088E-0001  5.63983795260195E-0001  5.23837360669088E-0001
 2.17503029853106E-0003 -1.00000000000000E+0000  1.47925920690910E+0000 -1.00000000000000E+0000  1.47925920690910E+0000 -1.00000000000000E+0000  1.47925920690910E+0000
 2.37503298558295E-0003  3.70715908063793E+0000  3.62964488308336E-0001  3.70715908063793E+0000  3.62964488308336E-0001  3.70715908063793E+0000  3.62964488308336E-0001
 2.57503567263484E-0003  3.69424744561575E+0000  2.90717097255770E-0001  3.69424744561575E+0000  2.90717097255770E-0001  3.69424744561575E+0000  2.90717097255770E-0001
 2.77503859251738E-0003 -1.00000000000000E+0000  1.47925920690910E+0000 -1.00000000000000E+0000  1.47925920690910E+0000 -1.00000000000000E+0000  1.47925920690910E+0000
 2.97504127956927E-0003 -1.00000000000000E+0000  1.47925920690910E+0000 -1.00000000000000E+0000  1.47925920690910E+0000 -1.00000000000000E+0000  1.47925920690910E+0000
 3.17504419945180E-0003 -1.00000000000000E+0000  1.47925920690910E+0000 -1.00000000000000E+0000  1.47925920690910E+0000 -1.00000000000000E+0000  1.47925920690910E+0000
 3.37504688650370E-0003  3.70414735316563E+0000  3.50118075621033E-0001  3.70414735316563E+0000  3.50118075621033E-0001  3.70414735316563E+0000  3.50118075621033E-0001
 3.57504957355559E-0003  8.41130733778588E+0000  2.73300319250773E-0001  8.41130733778588E+0000  2.73300319250773E-0001  8.41130733778588E+0000  2.73300319250773E-0001
 3.77505249343812E-0003 -3.11223899589936E-0002  3.58976914743459E-0001 -3.11223899589936E-0002  3.58976914743459E-0001 -3.11223899589936E-0002  3.58976914743459E-0001
 4.07505640760064E-0003  3.39899086536884E+0000  5.03962454911690E-0001  3.39899086536884E+0000  5.03962454911690E-0001  3.39899086536884E+0000  5.03962454911690E-0001
 4.47506224736571E-0003  5.26813248319954E+0000  3.67684911755029E-0001  5.26813248319954E+0000  3.67684911755029E-0001  5.26813248319954E+0000  3.67684911755029E-0001
 4.87506762146950E-0003  2.61470348884631E+0000  7.37460395527453E-0001  2.61470348884631E+0000  7.37460395527453E-0001  2.61470348884631E+0000  7.37460395527453E-0001
 5.27507346123457E-0003  5.67786386146958E-0001  7.64767037012641E-0001  5.67786386146958E-0001  7.64767037012641E-0001  5.67786386146958E-0001  7.64767037012641E-0001
 5.67507883533835E-0003  2.13026489918572E+0000  4.75107033192963E-0001  2.13026489918572E+0000  4.75107033192963E-0001  2.13026489918572E+0000  4.75107033192963E-0001
 6.07508420944214E-0003  1.05071943554065E+0000  7.64620308923061E-0001  1.05071943554065E+0000  7.64620308923061E-0001  1.05071943554065E+0000  7.64620308923061E-0001
 6.47509004920721E-0003  2.61240867684079E+0000  3.21770353244150E-0001  2.61240867684079E+0000  3.21770353244150E-0001  2.61240867684079E+0000  3.21770353244150E-0001
 6.87509542331100E-0003  1.05602773901156E+0000  8.00783376867849E-0001  1.05602773901156E+0000  8.00783376867849E-0001  1.05602773901156E+0000  8.00783376867849E-0001
 7.27510079741478E-0003  1.83421848770848E+0000  7.27170206708521E-0001  1.83421848770848E+0000  7.27170206708521E-0001  1.83421848770848E+0000  7.27170206708521E-0001
 7.67510663717985E-0003  1.35472912026365E+0000  6.03645831079006E-0001  1.35472912026365E+0000  6.03645831079006E-0001  1.35472912026365E+0000  6.03645831079006E-0001
 8.27511493116617E-0003  8.08105806038016E-0001  9.51381797712758E-0001  8.08105806038016E-0001  9.51381797712758E-0001  8.08105806038016E-0001  9.51381797712758E-0001
 9.07512567937374E-0003  5.66460235855838E-0001  8.17440656449095E-0001  5.66460235855838E-0001  8.17440656449095E-0001  5.66460235855838E-0001  8.17440656449095E-0001
 9.87513735890388E-0003  5.10552950168694E-0001  5.83487397275205E-0001  5.10552950168694E-0001  5.83487397275205E-0001  5.10552950168694E-0001  5.83487397275205E-0001
 1.06751481071114E-0002  5.11127083872761E-0001  5.76517898406916E-0001  5.11127083872761E-0001  5.76517898406916E-0001  5.11127083872761E-0001  5.76517898406916E-0001
 1.14751597866416E-0002  6.59330023755659E-0001  1.06137512626316E+0000  6.59330023755659E-0001  1.06137512626316E+0000  6.59330023755659E-0001  1.06137512626316E+0000
 1.22751705348491E-0002  1.17656147106474E-0001  5.47900523148385E-0001  1.17656147106474E-0001  5.47900523148385E-0001  1.17656147106474E-0001  5.47900523148385E-0001
 1.30751812830567E-0002  1.05470279411782E+0000  1.02812034700010E+0000  1.05470279411782E+0000  1.02812034700010E+0000  1.05470279411782E+0000  1.02812034700010E+0000
 1.38751929625868E-0002  1.05072201957933E+0000  7.64618968679074E-0001  1.05072201957933E+0000  7.64618968679074E-0001  1.05072201957933E+0000  7.64618968679074E-0001
 1.46752037107944E-0002  3.16208588078809E+0000  9.82710693907262E-0001  3.16208588078809E+0000  9.82710693907262E-0001  3.16208588078809E+0000  9.82710693907262E-0001
 1.54752144590020E-0002  1.83346901118942E+0000  1.21367898806220E+0000  1.83346901118942E+0000  1.21367898806220E+0000  1.83346901118942E+0000  1.21367898806220E+0000
 1.66752319782972E-0002  1.39670164186555E+0000  1.91420284609359E+0000  1.39670164186555E+0000  1.91420284609359E+0000  1.39670164186555E+0000  1.91420284609359E+0000
 1.82752534747124E-0002  2.81553569848506E+0000  1.02748759186605E+0000  2.81553569848506E+0000  1.02748759186605E+0000  2.81553569848506E+0000  1.02748759186605E+0000
 1.98752768337727E-0002  9.30653984804056E-0001  1.81570723023033E+0000  9.30653984804056E-0001  1.81570723023033E+0000  9.30653984804056E-0001  1.81570723023033E+0000
 2.14752983301878E-0002  1.83727362570074E+0000  1.80142005843626E+0000  1.83727362570074E+0000  1.80142005843626E+0000  1.83727362570074E+0000  1.80142005843626E+0000
 2.30753198266029E-0002  1.24821419708418E+0000  1.34017402503740E+0000  1.24821419708418E+0000  1.34017402503740E+0000  1.24821419708418E+0000  1.34017402503740E+0000
 2.46753431856632E-0002  1.14311130661607E+0000  4.00820338047999E-0001  1.14311130661607E+0000  4.00820338047999E-0001  1.14311130661607E+0000  4.00820338047999E-0001
 2.62753646820784E-0002  1.71369051806216E+0000  1.33980378990630E+0000  1.71369051806216E+0000  1.33980378990630E+0000  1.71369051806216E+0000  1.33980378990630E+0000
 2.78753861784935E-0002  1.47394527577341E+0000  9.96705488037413E-0001  1.47394527577341E+0000  9.96705488037413E-0001  1.47394527577341E+0000  9.96705488037413E-0001
 2.94754095375538E-0002  8.10873425514462E-0001  2.22804670926053E+0000  8.10873425514462E-0001  2.22804670926053E+0000  8.10873425514462E-0001  2.22804670926053E+0000
 3.10754310339689E-0002  8.09923391271873E-0001  3.57072366515765E+0000  8.09923391271873E-0001  3.57072366515765E+0000  8.09923391271873E-0001  3.57072366515765E+0000
 3.34754660725594E-0002  1.87466156984257E+0000  2.44425249172589E+0000  1.87466156984257E+0000  2.44425249172589E+0000  1.87466156984257E+0000  2.44425249172589E+0000
 3.66755090653896E-0002  1.67802526186106E+0000  3.56681129249566E+0000  1.67802526186106E+0000  3.56681129249566E+0000  1.67802526186106E+0000  3.56681129249566E+0000
 3.98755520582199E-0002  1.38401580961320E+0000  3.11888679358728E+0000  1.38401580961320E+0000  3.11888679358728E+0000  1.38401580961320E+0000  3.11888679358728E+0000
 4.30755987763405E-0002  2.05410832182269E+0000  8.26405216374204E-0001  2.05410832182269E+0000  8.26405216374204E-0001  2.05410832182269E+0000  8.26405216374204E-0001
 4.62756417691708E-0002  8.55699795332914E-0001  1.49698873241067E+0000  8.55699795332914E-0001  1.49698873241067E+0000  8.55699795332914E-0001  1.49698873241067E+0000
 4.94756884872913E-0002  1.24845677726133E+0000  1.77466126203615E+0000  1.24845677726133E+0000  1.77466126203615E+0000  1.24845677726133E+0000  1.77466126203615E+0000
 5.26757314801216E-0002  1.15023297483878E+0000  1.73057624771368E+0000  1.15023297483878E+0000  1.73057624771368E+0000  1.15023297483878E+0000  1.73057624771368E+0000
 5.58757744729519E-0002  4.19119622539587E-0001  2.42780084060779E+0000  4.19119622539587E-0001  2.42780084060779E+0000  4.19119622539587E-0001  2.42780084060779E+0000
 5.90758211910725E-0002  4.41674780651023E-0001  2.21608435543963E+0000  4.41674780651023E-0001  2.21608435543963E+0000  4.41674780651023E-0001  2.21608435543963E+0000
 6.22758641839027E-0002  1.42865773873367E+0000  8.22566666583359E-0001  1.42865773873367E+0000  8.22566666583359E-0001  1.42865773873367E+0000  8.22566666583359E-0001
 6.70759305357933E-0002  4.74034894468693E-0001  1.92782406778108E+0000  4.74034894468693E-0001  1.92782406778108E+0000  4.74034894468693E-0001  1.92782406778108E+0000
 7.34760165214539E-0002  9.67317751213080E-0001  2.42646309842024E+0000  9.67317751213080E-0001  2.42646309842024E+0000  9.67317751213080E-0001  2.42646309842024E+0000
 7.98761099576950E-0002  1.42783648161615E+0000  2.14673511874765E+0000  1.42783648161615E+0000  2.14673511874765E+0000  1.42783648161615E+0000  2.14673511874765E+0000
 8.62761959433556E-0002  9.39746483292016E-0001  7.49246695057893E-0001  9.39746483292016E-0001  7.49246695057893E-0001  9.39746483292016E-0001  7.49246695057893E-0001
 9.26762893795967E-0002  1.56179531720998E+0000  2.13631698563677E+0000  1.56179531720998E+0000  2.13631698563677E+0000  1.56179531720998E+0000  2.13631698563677E+0000
 9.90763753652573E-0002  1.28476772767018E+0000  2.93020934253096E+0000  1.28476772767018E+0000  2.93020934253096E+0000  1.28476772767018E+0000  2.93020934253096E+0000
 1.05476461350917E-0001  1.67082829024816E+0000  1.76189148847968E+0000  1.67082829024816E+0000  1.76189148847968E+0000  1.67082829024816E+0000  1.76189148847968E+0000
 1.11876554787159E-0001  8.09564682910033E-0001  3.44206437480617E+0000  8.09564682910033E-0001  3.44206437480617E+0000  8.09564682910033E-0001  3.44206437480617E+0000
 1.18276640772819E-0001  1.41290194474072E+0000  1.72367232114219E+0000  1.41290194474072E+0000  1.72367232114219E+0000  1.41290194474072E+0000  1.72367232114219E+0000
 1.24676734209060E-0001  1.00583168021725E+0000  2.95287040445355E+0000  1.00583168021725E+0000  2.95287040445355E+0000  1.00583168021725E+0000  2.95287040445355E+0000
 1.34276866912842E-0001  1.34112466210947E+0000  2.02556065825980E+0000  1.34112466210947E+0000  2.02556065825980E+0000  1.34112466210947E+0000  2.02556065825980E+0000
 1.47077038884163E-0001  1.37998219482759E+0000  2.16744197475177E+0000  1.37998219482759E+0000  2.16744197475177E+0000  1.37998219482759E+0000  2.16744197475177E+0000
 1.59877225756645E-0001  9.82083309797425E-0001  2.11626231908039E+0000  9.82083309797425E-0001  2.11626231908039E+0000  9.82083309797425E-0001  2.11626231908039E+0000
 1.72677397727966E-0001  1.57850153666435E+0000  3.15415767369814E+0000  1.57850153666435E+0000  3.15415767369814E+0000  1.57850153666435E+0000  3.15415767369814E+0000
 1.85477569699287E-0001  1.17058091354086E+0000  6.52639571409258E+0000  1.17058091354086E+0000  6.52639571409258E+0000  1.17058091354086E+0000  6.52639571409258E+0000
 1.98277756571770E-0001  1.35687519231173E+0000  1.25813212783061E+0001  1.35687519231173E+0000  1.25813212783061E+0001  1.35687519231173E+0000  1.25813212783061E+0001
 2.11077928543091E-0001  1.37162684943301E+0000  1.28610838456786E+0001  1.37162684943301E+0000  1.28610838456786E+0001  1.37162684943301E+0000  1.28610838456786E+0001
 2.23878115415573E-0001  9.83390336904003E-0001  2.01647688377806E+0001  9.83390336904003E-0001  2.01647688377806E+0001  9.83390336904003E-0001  2.01647688377806E+0001
 2.36678287386894E-0001  1.19396868410166E+0000  5.42119317967382E+0000  1.19396868410166E+0000  5.42119317967382E+0000  1.19396868410166E+0000  5.42119317967382E+0000
 2.49478459358215E-0001  1.34259915909710E+0000  1.44041527241183E+0000  1.34259915909710E+0000  1.44041527241183E+0000  1.34259915909710E+0000  1.44041527241183E+0000
 2.68678724765778E-0001  1.15066474688125E+0000  2.51432745197156E+0000  1.15066474688125E+0000  2.51432745197156E+0000  1.15066474688125E+0000  2.51432745197156E+0000
 2.94279098510742E-0001  1.26521738633580E+0000  3.23688861326223E+0000  1.26521738633580E+0000  3.23688861326223E+0000  1.26521738633580E+0000  3.23688861326223E+0000
 3.19879442453384E-0001  1.01894706867478E+0000  4.87966834578622E+0000  1.01894706867478E+0000  4.87966834578622E+0000  1.01894706867478E+0000  4.87966834578622E+0000
 3.45479786396027E-0001  1.38115856062532E+0000  1.66989923561160E+0000  1.38115856062532E+0000  1.66989923561160E+0000  1.38115856062532E+0000  1.66989923561160E+0000
 3.71080160140991E-0001  9.04439555395109E-0001  7.90723696613520E+0000  9.04439555395109E-0001  7.90723696613520E+0000  9.04439555395109E-0001  7.90723696613520E+0000
 3.96680504083633E-0001  9.94121188780472E-0001  2.22900871206019E+0000  9.94121188780472E-0001  2.22900871206019E+0000  9.94121188780472E-0001  2.22900871206019E+0000
 4.22280877828598E-0001  1.03800333508859E+0000  2.89515300881816E+0000  1.03800333508859E+0000  2.89515300881816E+0000  1.03800333508859E+0000  2.89515300881816E+0000
 4.47881221771240E-0001  1.14020287380932E+0000  3.56535144443967E+0000  1.14020287380932E+0000  3.56535144443967E+0000  1.14020287380932E+0000  3.56535144443967E+0000
 4.73481565713882E-0001  1.08987755841303E+0000  4.17681500286812E+0000  1.08987755841303E+0000  4.17681500286812E+0000  1.08987755841303E+0000  4.17681500286812E+0000
 4.99081939458847E-0001  8.20302805506670E-0001  4.15326580781271E+0000  8.20302805506670E-0001  4.15326580781271E+0000  8.20302805506670E-0001  4.15326580781271E+0000
 5.37482440471649E-0001  9.64472297109026E-0001  2.90187650341846E+0000  9.64472297109026E-0001  2.90187650341846E+0000  9.64472297109026E-0001  2.90187650341846E+0000
 5.88683187961578E-0001  1.08858883948782E+0000  6.39643528242616E+0000  1.08858883948782E+0000  6.39643528242616E+0000  1.08858883948782E+0000  6.39643528242616E+0000
 6.39883875846863E-0001  7.80313957555550E-0001  5.05665808434351E+0000  7.80313957555550E-0001  5.05665808434351E+0000  7.80313957555550E-0001  5.05665808434351E+0000
 6.91084623336792E-0001  1.03261059970607E+0000  3.69839596919601E+0000  1.03261059970607E+0000  3.69839596919601E+0000  1.03261059970607E+0000  3.69839596919601E+0000
 7.42285311222076E-0001  9.15851623258955E-0001  2.36335407377780E+0000  9.15851623258955E-0001  2.36335407377780E+0000  9.15851623258955E-0001  2.36335407377780E+0000
 7.93485999107361E-0001  8.26520423601934E-0001  7.35335390085495E+0000  8.26520423601934E-0001  7.35335390085495E+0000  8.26520423601934E-0001  7.35335390085495E+0000
 8.44686746597290E-0001  8.46885980838589E-0001  2.34510049560554E+0000  8.46885980838589E-0001  2.34510049560554E+0000  8.46885980838589E-0001  2.34510049560554E+0000
 8.95887434482574E-0001  8.52185737904744E-0001  6.35239785754944E+0000  8.52185737904744E-0001  6.35239785754944E+0000  8.52185737904744E-0001  6.35239785754944E+0000
 9.47088122367859E-0001  7.82533968495434E-0001  2.61055096190036E+0000  7.82533968495434E-0001  2.61055096190036E+0000  7.82533968495434E-0001  2.61055096190036E+0000
 9.98288869857788E-0001  8.30437114744262E-0001  1.59250918028044E+0001  8.30437114744262E-0001  1.59250918028044E+0001  8.30437114744262E-0001  1.59250918028044E+0001
 1.07508993148804E+0000  9.27670719325869E-0001  3.50174852903950E+0000  9.27670719325869E-0001  3.50174852903950E+0000  9.27670719325869E-0001  3.50174852903950E+0000
 1.17749130725861E+0000  7.38083976425036E-0001  5.26159215595525E+0000  7.38083976425036E-0001  5.26159215595525E+0000  7.38083976425036E-0001  5.26159215595525E+0000
 1.27989280223846E+0000  8.73132395131793E-0001  3.57767763773612E+0000  8.73132395131793E-0001  3.57767763773612E+0000  8.73132395131793E-0001  3.57767763773612E+0000
 1.38229417800903E+0000  6.31045262031315E-0001  3.19529886559133E+0000  6.31045262031315E-0001  3.19529886559133E+0000  6.31045262031315E-0001  3.19529886559133E+0000
 1.48469567298889E+0000  7.17835226715046E-0001  5.92542194758421E+0000  7.17835226715046E-0001  5.92542194758421E+0000  7.17835226715046E-0001  5.92542194758421E+0000
 1.58709704875946E+0000  6.43998256746731E-0001  4.58215140873043E+0000  6.43998256746731E-0001  4.58215140873043E+0000  6.43998256746731E-0001  4.58215140873043E+0000
 1.68949842453003E+0000  7.48080487207767E-0001  3.38890635231831E+0000  7.48080487207767E-0001  3.38890635231831E+0000  7.48080487207767E-0001  3.38890635231831E+0000
 1.79189991950989E+0000  5.87119310943798E-0001  1.27829160301875E+0001  5.87119310943798E-0001  1.27829160301875E+0001  5.87119310943798E-0001  1.27829160301875E+0001
 1.89430129528046E+0000  6.47625684495709E-0001  4.77681724728106E+0000  6.47625684495709E-0001  4.77681724728106E+0000  6.47625684495709E-0001  4.77681724728106E+0000
 1.99670267105103E+0000  5.08765862400353E-0001  5.93763092920286E+0000  5.08765862400353E-0001  5.93763092920286E+0000  5.08765862400353E-0001  5.93763092920286E+0000
 2.15030479431152E+0000  5.80779926222869E-0001  4.66123232973568E+0000  5.80779926222869E-0001  4.66123232973568E+0000  5.80779926222869E-0001  4.66123232973568E+0000
 2.35510778427124E+0000  5.42202732431143E-0001  5.65888208512990E+0000  5.42202732431143E-0001  5.65888208512990E+0000  5.42202732431143E-0001  5.65888208512990E+0000
 2.55991053581238E+0000  4.26369984094047E-0001  5.86447051078935E+0000  4.26369984094047E-0001  5.86447051078935E+0000  4.26369984094047E-0001  5.86447051078935E+0000
 2.76471328735352E+0000  4.16774424064269E-0001  4.44566024310949E+0000  4.16774424064269E-0001  4.44566024310949E+0000  4.16774424064269E-0001  4.44566024310949E+0000
 2.96951627731323E+0000  3.78269287740618E-0001  5.87437112683827E+0000  3.78269287740618E-0001  5.87437112683827E+0000  3.78269287740618E-0001  5.87437112683827E+0000
 3.17431902885437E+0000  3.66531485951504E-0001  6.52233998326770E+0000  3.66531485951504E-0001  6.52233998326770E+0000  3.66531485951504E-0001  6.52233998326770E+0000
 3.37912201881409E+0000  2.75269767477936E-0001  7.01641495443573E+0000  2.75269767477936E-0001  7.01641495443573E+0000  2.75269767477936E-0001  7.01641495443573E+0000
 3.58392477035522E+0000  3.60673949174501E-0001  7.21780141626796E+0000  3.60673949174501E-0001  7.21780141626796E+0000  3.60673949174501E-0001  7.21780141626796E+0000
 3.78872752189636E+0000  2.68598993998360E-0001  7.60003840388932E+0000  2.68598993998360E-0001  7.60003840388932E+0000  2.68598993998360E-0001  7.60003840388932E+0000
 3.99353051185608E+0000  1.87066554761965E-0001  8.02809492104455E+0000  1.87066554761965E-0001  8.02809492104455E+0000  1.87066554761965E-0001  8.02809492104455E+0000
 4.30073451995850E+0000  2.10093497618793E-0001  6.30700752419074E+0000  2.10093497618793E-0001  6.30700752419074E+0000  2.10093497618793E-0001  6.30700752419074E+0000
 4.71034049987793E+0000  2.31221490029163E-0001  7.19991039088689E+0000  2.31221490029163E-0001  7.19991039088689E+0000  2.31221490029163E-0001  7.19991039088689E+0000
 5.11994600296021E+0000  1.73505299153819E-0001  1.10382307927079E+0001  1.73505299153819E-0001  1.10382307927079E+0001  1.73505299153819E-0001  1.10382307927079E+0001
 5.52955198287964E+0000  2.30547137345878E-0001  1.07555883511837E+0001  2.30547137345878E-0001  1.07555883511837E+0001  2.30547137345878E-0001  1.07555883511837E+0001
 5.93915748596191E+0000  1.48001971839657E-0001  1.08119550042050E+0001  1.48001971839657E-0001  1.08119550042050E+0001  1.48001971839657E-0001  1.08119550042050E+0001
 6.34876298904419E+0000  5.91962762214367E-0002  2.43281208207007E+0001  5.91962762214367E-0002  2.43281208207007E+0001  5.91962762214367E-0002  2.43281208207007E+0001
 6.75836896896362E+0000  8.84372421661955E-0002  2.75552950063033E+0001  8.84372421661955E-0002  2.75552950063033E+0001  8.84372421661955E-0002  2.75552950063033E+0001
 7.16797447204590E+0000  1.04430233958416E-0001  1.72339512545723E+0001  1.04430233958416E-0001  1.72339512545723E+0001  1.04430233958416E-0001  1.72339512545723E+0001
 7.57758045196533E+0000  1.02389451214480E-0001  1.89851573414469E+0001  1.02389451214480E-0001  1.89851573414469E+0001  1.02389451214480E-0001  1.89851573414469E+0001
 7.98718595504761E+0000  2.01925768205034E-0002  1.92744242656398E+0001  2.01925768205034E-0002  1.92744242656398E+0001  2.01925768205034E-0002  1.92744242656398E+0001
 8.60159397125244E+0000  2.98543923831958E-0002  6.16604393060729E+0001  2.98543923831958E-0002  6.16604393060729E+0001  2.98543923831958E-0002  6.16604393060729E+0001
 9.42080593109131E+0000  1.69819992035868E-0002  1.73367361955566E+0001  1.69819992035868E-0002  1.73367361955566E+0001  1.69819992035868E-0002  1.73367361955566E+0001
 1.02400169372558E+0001 -3.78076855337791E-0002  2.89407353942371E+0001 -3.78076855337791E-0002  2.89407353942371E+0001 -3.78076855337791E-0002  2.89407353942371E+0001
 1.10592288970947E+0001 -5.94956351980191E-0002  1.93974404408384E+0001 -5.94956351980191E-0002  1.93974404408384E+0001 -5.94956351980191E-0002  1.93974404408384E+0001
 1.18784399032592E+0001 -5.99100871483134E-0002  4.13823732718875E+0001 -5.99100871483134E-0002  4.13823732718875E+0001 -5.99100871483134E-0002  4.13823732718875E+0001
 1.26976509094238E+0001 -3.23091009193151E-0002  2.55097714279285E+0001 -3.23091009193151E-0002  2.55097714279285E+0001 -3.23091009193151E-0002  2.55097714279285E+0001
 1.35168628692627E+0001 -1.36245502145722E-0002  1.48168398889820E+0001 -1.36245502145722E-0002  1.48168398889820E+0001 -1.36245502145722E-0002  1.48168398889820E+0001
 1.43360738754272E+0001 -1.80596452085766E-0002  2.55268005571167E+0001 -1.80596452085766E-0002  2.55268005571167E+0001 -1.80596452085766E-0002  2.55268005571167E+0001
 1.51552858352661E+0001  1.66379894909502E-0002  1.05543819901513E+0001  1.66379894909502E-0002  1.05543819901513E+0001  1.66379894909502E-0002  1.05543819901513E+0001
 1.59744968414306E+0001 -1.00823795260809E-0002  2.48752956492722E+0001 -1.00823795260809E-0002  2.48752956492722E+0001 -1.00823795260809E-0002  2.48752956492722E+0001
 1.72033138275146E+0001  3.71295327864437E-0003  1.25337441391641E+0001  3.71295327864437E-0003  1.25337441391641E+0001  3.71295327864437E-0003  1.25337441391641E+0001
 1.88417358398438E+0001 -4.00498893651902E-0003  1.86582087709359E+0001 -4.00498893651902E-0003  1.86582087709359E+0001 -4.00498893651902E-0003  1.86582087709359E+0001
 2.04801597595215E+0001 -8.83640317758547E-0003  3.45487183234891E+0001 -8.83640317758547E-0003  3.45487183234891E+0001 -8.83640317758547E-0003  3.45487183234891E+0001
 2.21185817718506E+0001  8.30746271727158E-0003  6.22262220343682E+0001  8.30746271727158E-0003  6.22262220343682E+0001  8.30746271727158E-0003  6.22262220343682E+0001
 2.37570056915283E+0001  2.21168335015963E-0002  2.83874843377133E+0001  2.21168335015963E-0002  2.83874843377133E+0001  2.21168335015963E-0002  2.83874843377133E+0001
 2.53954277038574E+0001 -1.67138353917144E-0003  2.88298200415108E+0001 -1.67138353917144E-0003  2.88298200415108E+0001 -1.67138353917144E-0003  2.88298200415108E+0001
 2.70338497161865E+0001  2.09646006636911E-0002  2.83694219957302E+0001  2.09646006636911E-0002  2.83694219957302E+0001  2.09646006636911E-0002  2.83694219957302E+0001
 2.86722736358643E+0001 -7.46031842560853E-0003  2.06947067618418E+0001 -7.46031842560853E-0003  2.06947067618418E+0001 -7.46031842560853E-0003  2.06947067618418E+0001
 3.03106956481934E+0001 -1.36809416489243E-0003  3.12523563078274E+0001 -1.36809416489243E-0003  3.12523563078274E+0001 -1.36809416489243E-0003  3.12523563078274E+0001
 3.19491195678711E+0001  1.44077566252489E-0002  1.27211492227304E+0001  1.44077566252489E-0002  1.27211492227304E+0001  1.44077566252489E-0002  1.27211492227304E+0001
 3.44067535400391E+0001 -7.29420729812890E-0003  1.57131345291270E+0001 -7.29420729812890E-0003  1.57131345291270E+0001 -7.29420729812890E-0003  1.57131345291270E+0001
 3.76835975646973E+0001  2.57433423367905E-0002  2.06644025114079E+0001  2.57433423367905E-0002  2.06644025114079E+0001  2.57433423367905E-0002  2.06644025114079E+0001
 4.09604454040527E+0001  2.68071823879462E-0002  3.88424897395188E+0001  2.68071823879462E-0002  3.88424897395188E+0001  2.68071823879462E-0002  3.88424897395188E+0001
 4.42372894287109E+0001  2.31991189649488E-0002  6.32396016707658E+0001  2.31991189649488E-0002  6.32396016707658E+0001  2.31991189649488E-0002  6.32396016707658E+0001
 4.75141334533691E+0001  3.73779664077785E-0002  5.05626317738975E+0001  3.73779664077785E-0002  5.05626317738975E+0001  3.73779664077785E-0002  5.05626317738975E+0001
 5.07909812927246E+0001 -7.12921011717733E-0003  1.43530422257852E+0002 -7.12921011717733E-0003  1.43530422257852E+0002 -7.12921011717733E-0003  1.43530422257852E+0002
 5.40678253173828E+0001 -8.97515776088344E-0003  3.90383128827226E+0001 -8.97515776088344E-0003  3.90383128827226E+0001 -8.97515776088344E-0003  3.90383128827226E+0001
 5.73446693420410E+0001  6.42074142913609E-0003  1.73543576323785E+0001  6.42074142913609E-0003  1.73543576323785E+0001  6.42074142913609E-0003  1.73543576323785E+0001
 6.06215171813965E+0001 -2.42687188561149E-0002  2.77142689464941E+0001 -2.42687188561149E-0002  2.77142689464941E+0001 -2.42687188561149E-0002  2.77142689464941E+0001
 6.38983612060547E+0001 -2.53567912553244E-0003  2.45391143576253E+0002 -2.53567912553244E-0003  2.45391143576253E+0002 -2.53567912553244E-0003  2.45391143576253E+0002
 6.88136291503906E+0001 -4.31668650955775E-0003  3.13932654570027E+0001 -4.31668650955775E-0003  3.13932654570027E+0001 -4.31668650955775E-0003  3.13932654570027E+0001
 7.53673248291016E+0001 -2.37289933649324E-0003  5.70496160950417E+0001 -2.37289933649324E-0003  5.70496160950417E+0001 -2.37289933649324E-0003  5.70496160950417E+0001
 8.19210128784180E+0001 -8.77366261123495E-0003  6.42250657600215E+0001 -8.77366261123495E-0003  6.42250657600215E+0001 -8.77366261123495E-0003  6.42250657600215E+0001
 8.84747009277344E+0001  2.06534205118465E-0002  7.59305129061765E+0001  2.06534205118465E-0002  7.59305129061765E+0001  2.06534205118465E-0002  7.59305129061765E+0001
 9.50283966064453E+0001 -3.21184980018856E-0003  4.95104142807785E+0001 -3.21184980018856E-0003  4.95104142807785E+0001 -3.21184980018856E-0003  4.95104142807785E+0001
 1.01582084655761E+0002  3.31108562577664E-0003  2.59524630686061E+0001  3.31108562577664E-0003  2.59524630686061E+0001  3.31108562577664E-0003  2.59524630686061E+0001
 1.08135772705078E+0002 -1.56303449234341E-0002  1.54042673799339E+0002 -1.56303449234341E-0002  1.54042673799339E+0002 -1.56303449234341E-0002  1.54042673799339E+0002
 1.14689468383789E+0002 -1.19314688106014E-0002  3.10814621249759E+0001 -1.19314688106014E-0002  3.10814621249759E+0001 -1.19314688106014E-0002  3.10814621249759E+0001
 1.21243156433105E+0002  2.81145921761988E-0002  2.54988622532370E+0002  2.81145921761988E-0002  2.54988622532370E+0002  2.81145921761988E-0002  2.54988622532370E+0002
 1.27796852111816E+0002  1.46792503014462E-0002  3.59339243132731E+0001  1.46792503014462E-0002  3.59339243132731E+0001  1.46792503014462E-0002  3.59339243132731E+0001
 1.37627380371094E+0002 -6.11193042838084E-0003  9.49743686394551E+0001 -6.11193042838084E-0003  9.49743686394551E+0001 -6.11193042838084E-0003  9.49743686394551E+0001
 1.50734771728516E+0002 -6.82551189181189E-0003  5.51711409512581E+0001 -6.82551189181189E-0003  5.51711409512581E+0001 -6.82551189181189E-0003  5.51711409512581E+0001
 1.63842147827148E+0002  2.38867309360602E-0002  2.55205698425081E+0001  2.38867309360602E-0002  2.55205698425081E+0001  2.38867309360602E-0002  2.55205698425081E+0001
 1.76949539184570E+0002  4.05347616712830E-0002  5.34667448519280E+0001  4.05347616712830E-0002  5.34667448519280E+0001  4.05347616712830E-0002  5.34667448519280E+0001
 1.90056915283203E+0002  1.33133542736998E-0002  4.79154804707778E+0001  1.33133542736998E-0002  4.79154804707778E+0001  1.33133542736998E-0002  4.79154804707778E+0001
 2.03164291381836E+0002  2.31299038015101E-0003  2.09045351471913E+0001  2.31299038015101E-0003  2.09045351471913E+0001  2.31299038015101E-0003  2.09045351471913E+0001
 2.16271682739258E+0002  1.30541451365846E-0002  8.08541358834922E+0001  1.30541451365846E-0002  8.08541358834922E+0001  1.30541451365846E-0002  8.08541358834922E+0001
 2.29379058837891E+0002 -1.19860312344393E-0002  1.28349896194243E+0002 -1.19860312344393E-0002  1.28349896194243E+0002 -1.19860312344393E-0002  1.28349896194243E+0002
 2.42486434936523E+0002 -1.92459854462834E-0003  3.96046227596826E+0001 -1.92459854462834E-0003  3.96046227596826E+0001 -1.92459854462834E-0003  3.96046227596826E+0001
 2.55593826293945E+0002 -1.67024227204240E-0002  9.17513220580813E+0001 -1.67024227204240E-0002  9.17513220580813E+0001 -1.67024227204240E-0002  9.17513220580813E+0001
 2.75254882812500E+0002 -5.34480044711391E-0003  2.27864397289224E+0002 -5.34480044711391E-0003  2.27864397289224E+0002 -5.34480044711391E-0003  2.27864397289224E+0002
 3.01469665527344E+0002 -1.52774576238201E-0005  3.27445266323340E+0001 -1.52774576238201E-0005  3.27445266323340E+0001 -1.52774576238201E-0005  3.27445266323340E+0001
 3.27684417724609E+0002 -4.09825652643735E-0003  5.71747664877041E+0001 -4.09825652643735E-0003  5.71747664877041E+0001 -4.09825652643735E-0003  5.71747664877041E+0001
 3.53899200439453E+0002 -6.14856945277665E-0003  4.31361828398482E+0001 -6.14856945277665E-0003  4.31361828398482E+0001 -6.14856945277665E-0003  4.31361828398482E+0001
 3.80113952636719E+0002 -2.26900037416235E-0002  7.37691299799277E+0001 -2.26900037416235E-0002  7.37691299799277E+0001 -2.26900037416235E-0002  7.37691299799277E+0001
 4.06328704833984E+0002  1.18491643680003E-0002  3.85190619001122E+0001  1.18491643680003E-0002  3.85190619001122E+0001  1.18491643680003E-0002  3.85190619001122E+0001
 4.32543487548828E+0002 -2.67178119186728E-0003  1.22450256554386E+0002 -2.67178119186728E-0003  1.22450256554386E+0002 -2.67178119186728E-0003  1.22450256554386E+0002
 4.58758239746094E+0002  5.77585821147401E-0003  6.55282208432845E+0001  5.77585821147401E-0003  6.55282208432845E+0001  5.77585821147401E-0003  6.55282208432845E+0001
 4.84973022460938E+0002 -2.02871727695677E-0002  7.22716763029514E+0001 -2.02871727695677E-0002  7.22716763029514E+0001 -2.02871727695677E-0002  7.22716763029514E+0001
 5.11187774658203E+0002 -1.92562578126595E-0002  5.62058199955076E+0001 -1.92562578126595E-0002  5.62058199955076E+0001 -1.92562578126595E-0002  5.62058199955076E+0001
 5.50509948730469E+0002  9.23153039749185E-0003  3.39416423879051E+0001  9.23153039749185E-0003  3.39416423879051E+0001  9.23153039749185E-0003  3.39416423879051E+0001
 6.02939453125000E+0002 -2.60829221924225E-0003  3.15272849118373E+0001 -2.60829221924225E-0003  3.15272849118373E+0001 -2.60829221924225E-0003  3.15272849118373E+0001
 6.55368957519531E+0002 -6.92232875887239E-0003  3.24585427571831E+0001 -6.92232875887239E-0003  3.24585427571831E+0001 -6.92232875887239E-0003  3.24585427571831E+0001
 7.07798522949219E+0002 -8.27582554214488E-0003  4.71096709753957E+0001 -8.27582554214488E-0003  4.71096709753957E+0001 -8.27582554214488E-0003  4.71096709753957E+0001
 7.60228027343750E+0002 -1.14321264006859E-0002  3.81027683455014E+0001 -1.14321264006859E-0002  3.81027683455014E+0001 -1.14321264006859E-0002  3.81027683455014E+0001
 8.12657531738281E+0002 -2.49253773617767E-0002  8.39875343246216E+0001 -2.49253773617767E-0002  8.39875343246216E+0001 -2.49253773617767E-0002  8.39875343246216E+0001
 8.65087097167969E+0002 -4.04495597919547E-0003  1.95741073101472E+0002 -4.04495597919547E-0003  1.95741073101472E+0002 -4.04495597919547E-0003  1.95741073101472E+0002
 9.17516601562500E+0002 -2.42246909834027E-0002  3.63901728164815E+0001 -2.42246909834027E-0002  3.63901728164815E+0001 -2.42246909834027E-0002  3.63901728164815E+0001
 9.69946166992188E+0002 -1.43598266027961E-0002  4.29546251724068E+0001 -1.43598266027961E-0002  4.29546251724068E+0001 -1.43598266027961E-0002  4.29546251724068E+0001
 1.02237567138671E+0003 -1.81237693123671E-0002  4.93026672790259E+0001 -1.81237693123671E-0002  4.93026672790259E+0001 -1.81237693123671E-0002  4.93026672790259E+0001
 1.10102001953125E+0003 -2.48136998645761E-0002  7.68001822648343E+0001 -2.48136998645761E-0002  7.68001822648343E+0001 -2.48136998645761E-0002  7.68001822648343E+0001
 1.20587902832031E+0003 -1.50810380775806E-0002  1.02197431250569E+0002 -1.50810380775806E-0002  1.02197431250569E+0002 -1.50810380775806E-0002  1.02197431250569E+0002
 1.31073803710938E+0003 -2.80820367802650E-0003  1.47236683738122E+0002 -2.80820367802650E-0003  1.47236683738122E+0002 -2.80820367802650E-0003  1.47236683738122E+0002
 1.41559716796875E+0003 -2.32570452574231E-0002  5.66188979292119E+0001 -2.32570452574231E-0002  5.66188979292119E+0001 -2.32570452574231E-0002  5.66188979292119E+0001
 1.52045617675781E+0003 -5.95379332726363E-0003  3.16718654793491E+0001 -5.95379332726363E-0003  3.16718654793491E+0001 -5.95379332726363E-0003  3.16718654793491E+0001
 1.62531518554688E+0003 -1.51142312932015E-0002  6.50274031160560E+0001 -1.51142312932015E-0002  6.50274031160560E+0001 -1.51142312932015E-0002  6.50274031160560E+0001
 1.73017431640625E+0003 -1.69034807083539E-0002  4.47980358402879E+0001 -1.69034807083539E-0002  4.47980358402879E+0001 -1.69034807083539E-0002  4.47980358402879E+0001
 1.83503332519531E+0003 -4.04252589133161E-0003  4.09262224776217E+0001 -4.04252589133161E-0003  4.09262224776217E+0001 -4.04252589133161E-0003  4.09262224776217E+0001
 1.93989245605469E+0003 -1.37944435931492E-0002  2.96772436790862E+0001 -1.37944435931492E-0002  2.96772436790862E+0001 -1.37944435931492E-0002  2.96772436790862E+0001
 2.04475146484375E+0003 -1.44444161337973E-0002  2.09532101961192E+0001 -1.44444161337973E-0002  2.09532101961192E+0001 -1.44444161337973E-0002  2.09532101961192E+0001
 2.20204003906250E+0003 -9.64528991100135E-0003  3.42923014459931E+0001 -9.64528991100135E-0003  3.42923014459931E+0001 -9.64528991100135E-0003  3.42923014459931E+0001
 2.41175805664063E+0003  4.43730073738016E-0003  4.73372082574777E+0001  4.43730073738016E-0003  4.73372082574777E+0001  4.43730073738016E-0003  4.73372082574777E+0001
 2.62147631835938E+0003 -4.83104656750625E-0003  6.18136404232902E+0001 -4.83104656750625E-0003  6.18136404232902E+0001 -4.83104656750625E-0003  6.18136404232902E+0001
 2.83119433593750E+0003 -6.07580571852245E-0003  7.44948398732074E+0001 -6.07580571852245E-0003  7.44948398732074E+0001 -6.07580571852245E-0003  7.44948398732074E+0001
 3.04091259765625E+0003 -8.80036192218638E-0003  4.86526187187948E+0001 -8.80036192218638E-0003  4.86526187187948E+0001 -8.80036192218638E-0003  4.86526187187948E+0001
 3.25063061523438E+0003 -1.69761405903793E-0002  1.40952875616948E+0002 -1.69761405903793E-0002  1.40952875616948E+0002 -1.69761405903793E-0002  1.40952875616948E+0002
 3.46034863281250E+0003  2.25668780180368E-0003  1.27927443394889E+0002  2.25668780180368E-0003  1.27927443394889E+0002  2.25668780180368E-0003  1.27927443394889E+0002
 3.67006689453125E+0003 -9.42794627371612E-0003  2.69807539077062E+0002 -9.42794627371612E-0003  2.69807539077062E+0002 -9.42794627371612E-0003  2.69807539077062E+0002
 3.87978491210938E+0003 -1.19903947348832E-0002  4.99317846661417E+0001 -1.19903947348832E-0002  4.99317846661417E+0001 -1.19903947348832E-0002  4.99317846661417E+0001
 4.08950317382813E+0003  1.99723012317855E-0002  9.45421417169968E+0000  1.99723012317855E-0002  9.45421417169968E+0000  1.99723012317855E-0002  9.45421417169968E+0000
 4.40408007812500E+0003 -2.62833042078989E-0001  1.12662982143276E+0000 -2.62833042078989E-0001  1.12662982143276E+0000 -2.62833042078989E-0001  1.12662982143276E+0000
 4.82351660156250E+0003 -2.54223613828383E-0001  1.12315429790143E+0000 -2.54223613828383E-0001  1.12315429790143E+0000 -2.54223613828383E-0001  1.12315429790143E+0000
 5.24295263671875E+0003 -2.46417712686658E-0001  1.12011618849464E+0000 -2.46417712686658E-0001  1.12011618849464E+0000 -2.46417712686658E-0001  1.12011618849464E+0000
 5.66238867187500E+0003 -2.29854148675609E-0001  1.11420477036460E+0000 -2.29854148675609E-0001  1.11420477036460E+0000 -2.29854148675609E-0001  1.11420477036460E+0000
 6.08182519531250E+0003 -1.82522219739417E-0001  1.09669503877766E+0000 -1.82522219739417E-0001  1.09669503877766E+0000 -1.82522219739417E-0001  1.09669503877766E+0000
 6.50126123046875E+0003 -1.77728720133819E-0001  1.09462263022157E+0000 -1.77728720133819E-0001  1.09462263022157E+0000 -1.77728720133819E-0001  1.09462263022157E+0000
 6.92069775390625E+0003 -1.00808790627702E-0001  1.06930620076009E+0000 -1.00808790627702E-0001  1.06930620076009E+0000 -1.00808790627702E-0001  1.06930620076009E+0000
 7.34013378906250E+0003 -1.00000000000000E+0000  1.47925920690910E+0000 -1.00000000000000E+0000  1.47925920690910E+0000 -1.00000000000000E+0000  1.47925920690910E+0000
 7.75956982421875E+0003 -1.00000000000000E+0000  1.47925920690910E+0000 -1.00000000000000E+0000  1.47925920690910E+0000 -1.00000000000000E+0000  1.47925920690910E+0000
 8.17900634765625E+0003 -1.00000000000000E+0000  1.47925920690910E+0000 -1.00000000000000E+0000  1.47925920690910E+0000 -1.00000000000000E+0000  1.47925920690910E+0000
