 Corr.Time[ms]           Correlation(1->2+2->1)  Weighting(1->2+2->1)    Correlation(1->2)       Weighting(1->2)         Correlation(2->1)       Weighting(2->1)
 1.42503669485449E-0003  1.30628918372810E+0000  9.83374206438029E-0001  1.30628918372810E+0000  9.83374206438029E-0001  1.30628918372810E+0000  9.83374206438029E-0001
 1.52503920253366E-0003  1.82592688140761E+0000  2.37244387460131E+0000  1.82592688140761E+0000  2.37244387460131E+0000  1.82592688140761E+0000  2.37244387460131E+0000
 1.62504182662815E-0003  3.05358459168806E+0000  1.22061672661154E+0000  3.05358459168806E+0000  1.22061672661154E+0000  3.05358459168806E+0000  1.22061672661154E+0000
 1.72504433430731E-0003  3.26834530796673E+0000  5.59452772769248E-0001  3.26834530796673E+0000  5.59452772769248E-0001  3.26834530796673E+0000  5.59452772769248E-0001
 1.82504695840180E-0003  1.51063595306254E+0000  9.45533701268354E-0001  1.51063595306254E+0000  9.45533701268354E-0001  1.51063595306254E+0000  9.45533701268354E-0001
 1.97505089454353E-0003  1.83357335927883E+0000  1.87393665898284E+0000  1.83357335927883E+0000  1.87393665898284E+0000  1.83357335927883E+0000  1.87393665898284E+0000
 2.17505590990186E-0003  1.84124676959906E+0000  9.62246032495939E-0001  1.84124676959906E+0000  9.62246032495939E-0001  1.84124676959906E+0000  9.62246032495939E-0001
 2.37506115809083E-0003  1.92907368459010E+0000  1.57075363338808E+0000  1.92907368459010E+0000  1.57075363338808E+0000  1.92907368459010E+0000  1.57075363338808E+0000
 2.57506617344916E-0003  3.33862500203703E+0000  2.11815589141142E+0000  3.33862500203703E+0000  2.11815589141142E+0000  3.33862500203703E+0000  2.11815589141142E+0000
 2.77507142163813E-0003  2.37761093887378E+0000  1.15252261118086E+0000  2.37761093887378E+0000  1.15252261118086E+0000  2.37761093887378E+0000  1.15252261118086E+0000
 2.97507643699646E-0003  2.56715073603481E+0000  2.52717568976343E+0000  2.56715073603481E+0000  2.52717568976343E+0000  2.56715073603481E+0000  2.52717568976343E+0000
 3.17508168518543E-0003  2.13098140533027E+0000  1.88224879592510E+0000  2.13098140533027E+0000  1.88224879592510E+0000  2.13098140533027E+0000  1.88224879592510E+0000
 3.37508670054376E-0003  1.58953509571119E+0000  2.05826507948447E+0000  1.58953509571119E+0000  2.05826507948447E+0000  1.58953509571119E+0000  2.05826507948447E+0000
 3.57509194873273E-0003  2.03337794868807E+0000  1.08378743521508E+0000  2.03337794868807E+0000  1.08378743521508E+0000  2.03337794868807E+0000  1.08378743521508E+0000
 3.77509696409106E-0003  1.63379707772974E+0000  2.39809658128881E+0000  1.63379707772974E+0000  2.39809658128881E+0000  1.63379707772974E+0000  2.39809658128881E+0000
 4.07510483637452E-0003  1.40570548620143E+0000  5.19645112500705E+0000  1.40570548620143E+0000  5.19645112500705E+0000  1.40570548620143E+0000  5.19645112500705E+0000
 4.47511486709118E-0003  1.89410287305905E+0000  3.26117627332534E+0000  1.89410287305905E+0000  3.26117627332534E+0000  1.89410287305905E+0000  3.26117627332534E+0000
 4.87512536346912E-0003  1.73773936707353E+0000  1.78114497797161E+0000  1.73773936707353E+0000  1.78114497797161E+0000  1.73773936707353E+0000  1.78114497797161E+0000
 5.27513539418578E-0003  2.11574119963189E+0000  8.49871596744582E-0001  2.11574119963189E+0000  8.49871596744582E-0001  2.11574119963189E+0000  8.49871596744582E-0001
 5.67514589056373E-0003  1.38186887204301E+0000  7.62806224140290E+0000  1.38186887204301E+0000  7.62806224140290E+0000  1.38186887204301E+0000  7.62806224140290E+0000
 6.07515638694167E-0003  3.38418442360519E+0000  2.19009880734081E+0000  3.38418442360519E+0000  2.19009880734081E+0000  3.38418442360519E+0000  2.19009880734081E+0000
 6.47516641765833E-0003  2.39185353376926E+0000  7.57101934529547E+0000  2.39185353376926E+0000  7.57101934529547E+0000  2.39185353376926E+0000  7.57101934529547E+0000
 6.87517691403627E-0003  1.36503744879427E+0000  1.44739416337916E+0000  1.36503744879427E+0000  1.44739416337916E+0000  1.36503744879427E+0000  1.44739416337916E+0000
 7.27518694475293E-0003  2.35028758612844E+0000  1.76483321145459E+0000  2.35028758612844E+0000  1.76483321145459E+0000  2.35028758612844E+0000  1.76483321145459E+0000
 7.67519744113088E-0003  1.62996179596133E+0000  1.85054578718606E+0000  1.62996179596133E+0000  1.85054578718606E+0000  1.62996179596133E+0000  1.85054578718606E+0000
 8.27521272003651E-0003  2.80227545582881E+0000  5.27859299026997E+0000  2.80227545582881E+0000  5.27859299026997E+0000  2.80227545582881E+0000  5.27859299026997E+0000
 9.07523371279240E-0003  1.51454422020125E+0000  3.58988374550369E+0000  1.51454422020125E+0000  3.58988374550369E+0000  1.51454422020125E+0000  3.58988374550369E+0000
 9.87525377422571E-0003  1.40496942089278E+0000  3.33311229804569E+0000  1.40496942089278E+0000  3.33311229804569E+0000  1.40496942089278E+0000  3.33311229804569E+0000
 1.06752747669816E-0002  2.72836027163682E+0000  1.58033324069370E+0000  2.72836027163682E+0000  1.58033324069370E+0000  2.72836027163682E+0000  1.58033324069370E+0000
 1.14752948284149E-0002  2.31551516618130E+0000  3.71386400607280E+0000  2.31551516618130E+0000  3.71386400607280E+0000  2.31551516618130E+0000  3.71386400607280E+0000
 1.22753158211708E-0002  1.22093470934978E+0000  2.57455486865144E+0000  1.22093470934978E+0000  2.57455486865144E+0000  1.22093470934978E+0000  2.57455486865144E+0000
 1.30753358826041E-0002  1.33171487103131E+0000  3.00295817682447E+0000  1.33171487103131E+0000  3.00295817682447E+0000  1.33171487103131E+0000  3.00295817682447E+0000
 1.38753568753600E-0002  2.30570148612821E+0000  2.65089653368947E+0000  2.30570148612821E+0000  2.65089653368947E+0000  2.30570148612821E+0000  2.65089653368947E+0000
 1.46753769367933E-0002  2.03669751631925E+0000  4.18253344873507E+0000  2.03669751631925E+0000  4.18253344873507E+0000  2.03669751631925E+0000  4.18253344873507E+0000
 1.54753979295492E-0002  1.35962603134731E+0000  3.56346512264027E+0000  1.35962603134731E+0000  3.56346512264027E+0000  1.35962603134731E+0000  3.56346512264027E+0000
 1.66754294186831E-0002  1.98303032106286E+0000  5.40357129058559E+0000  1.98303032106286E+0000  5.40357129058559E+0000  1.98303032106286E+0000  5.40357129058559E+0000
 1.82754695415497E-0002  2.14533755337579E+0000  4.78047119125883E+0000  2.14533755337579E+0000  4.78047119125883E+0000  2.14533755337579E+0000  4.78047119125883E+0000
 1.98755115270615E-0002  1.79321250881056E+0000  3.27864370767606E+0000  1.79321250881056E+0000  3.27864370767606E+0000  1.79321250881056E+0000  3.27864370767606E+0000
 2.14755516499281E-0002  2.02366923114116E+0000  5.74654899111800E+0000  2.02366923114116E+0000  5.74654899111800E+0000  2.02366923114116E+0000  5.74654899111800E+0000
 2.30755936354399E-0002  1.67769868316825E+0000  3.20639756562735E+0000  1.67769868316825E+0000  3.20639756562735E+0000  1.67769868316825E+0000  3.20639756562735E+0000
 2.46756337583065E-0002  1.77574736753108E+0000  6.01790016820170E+0000  1.77574736753108E+0000  6.01790016820170E+0000  1.77574736753108E+0000  6.01790016820170E+0000
 2.62756757438183E-0002  2.04449298581825E+0000  4.59102461708958E+0000  2.04449298581825E+0000  4.59102461708958E+0000  2.04449298581825E+0000  4.59102461708958E+0000
 2.78757158666849E-0002  1.47665879273850E+0000  4.17052593901840E+0000  1.47665879273850E+0000  4.17052593901840E+0000  1.47665879273850E+0000  4.17052593901840E+0000
 2.94757578521967E-0002  1.59986280601636E+0000  4.52200699646632E+0000  1.59986280601636E+0000  4.52200699646632E+0000  1.59986280601636E+0000  4.52200699646632E+0000
 3.10757998377085E-0002  1.52685153481633E+0000  4.99933760558937E+0000  1.52685153481633E+0000  4.99933760558937E+0000  1.52685153481633E+0000  4.99933760558937E+0000
 3.34758609533310E-0002  1.77183307817457E+0000  5.14888189286560E+0000  1.77183307817457E+0000  5.14888189286560E+0000  1.77183307817457E+0000  5.14888189286560E+0000
 3.66759411990643E-0002  1.87677972960923E+0000  5.13465194717431E+0000  1.87677972960923E+0000  5.13465194717431E+0000  1.87677972960923E+0000  5.13465194717431E+0000
 3.98760251700878E-0002  1.61213769753539E+0000  2.88504278703369E+0000  1.61213769753539E+0000  2.88504278703369E+0000  1.61213769753539E+0000  2.88504278703369E+0000
 4.30761091411114E-0002  1.80229700176776E+0000  7.09862025605912E+0000  1.80229700176776E+0000  7.09862025605912E+0000  1.80229700176776E+0000  7.09862025605912E+0000
 4.62761893868446E-0002  1.42034449509387E+0000  7.60582218839079E+0000  1.42034449509387E+0000  7.60582218839079E+0000  1.42034449509387E+0000  7.60582218839079E+0000
 4.94762733578682E-0002  1.56219659649586E+0000  5.22473430952908E+0000  1.56219659649586E+0000  5.22473430952908E+0000  1.56219659649586E+0000  5.22473430952908E+0000
 5.26763536036015E-0002  1.90354166380267E+0000  1.11405053044554E+0001  1.90354166380267E+0000  1.11405053044554E+0001  1.90354166380267E+0000  1.11405053044554E+0001
 5.58764375746250E-0002  1.68592504388717E+0000  2.74018752933232E+0000  1.68592504388717E+0000  2.74018752933232E+0000  1.68592504388717E+0000  2.74018752933232E+0000
 5.90765178203583E-0002  1.36524532712781E+0000  4.79322632541620E+0000  1.36524532712781E+0000  4.79322632541620E+0000  1.36524532712781E+0000  4.79322632541620E+0000
 6.22766017913818E-0002  1.44375400592744E+0000  5.62190369283307E+0000  1.44375400592744E+0000  5.62190369283307E+0000  1.44375400592744E+0000  5.62190369283307E+0000
 6.70767277479172E-0002  1.93372428614929E+0000  2.41540642873584E+0001  1.93372428614929E+0000  2.41540642873584E+0001  1.93372428614929E+0000  2.41540642873584E+0001
 7.34768882393837E-0002  1.44909429630158E+0000  1.65619175362579E+0001  1.44909429630158E+0000  1.65619175362579E+0001  1.44909429630158E+0000  1.65619175362579E+0001
 7.98770561814308E-0002  1.64257420346302E+0000  4.55600587679444E+0000  1.64257420346302E+0000  4.55600587679444E+0000  1.64257420346302E+0000  4.55600587679444E+0000
 8.62772166728973E-0002  1.60467106495182E+0000  8.46571387723269E+0000  1.60467106495182E+0000  8.46571387723269E+0000  1.60467106495182E+0000  8.46571387723269E+0000
 9.26773846149445E-0002  1.67803105649402E+0000  9.09540432444972E+0000  1.67803105649402E+0000  9.09540432444972E+0000  1.67803105649402E+0000  9.09540432444972E+0000
 9.90775451064110E-0002  1.66345866189789E+0000  5.31333656278985E+0000  1.66345866189789E+0000  5.31333656278985E+0000  1.66345866189789E+0000  5.31333656278985E+0000
 1.05477713048458E-0001  1.67100770004233E+0000  9.94300188975300E+0000  1.67100770004233E+0000  9.94300188975300E+0000  1.67100770004233E+0000  9.94300188975300E+0000
 1.11877873539924E-0001  1.72869743579533E+0000  1.43870534626743E+0001  1.72869743579533E+0000  1.43870534626743E+0001  1.72869743579533E+0000  1.43870534626743E+0001
 1.18278041481971E-0001  1.37170495699530E+0000  7.21563087111749E+0000  1.37170495699530E+0000  7.21563087111749E+0000  1.37170495699530E+0000  7.21563087111749E+0000
 1.24678201973438E-0001  1.35295023293442E+0000  9.67804973640120E+0000  1.35295023293442E+0000  9.67804973640120E+0000  1.35295023293442E+0000  9.67804973640120E+0000
 1.34278446435928E-0001  1.62978217819923E+0000  1.17687759764339E+0001  1.62978217819923E+0000  1.17687759764339E+0001  1.62978217819923E+0000  1.17687759764339E+0001
 1.47078782320023E-0001  1.69416021826967E+0000  5.42643293111488E+0000  1.69416021826967E+0000  5.42643293111488E+0000  1.69416021826967E+0000  5.42643293111488E+0000
 1.59879103302956E-0001  1.55516570664879E+0000  2.73310487946737E+0001  1.55516570664879E+0000  2.73310487946737E+0001  1.55516570664879E+0000  2.73310487946737E+0001
 1.72679439187050E-0001  1.50638056229068E+0000  8.49004066566788E+0000  1.50638056229068E+0000  8.49004066566788E+0000  1.50638056229068E+0000  8.49004066566788E+0000
 1.85479775071144E-0001  1.44703580247100E+0000  8.48146494210441E+0000  1.44703580247100E+0000  8.48146494210441E+0000  1.44703580247100E+0000  8.48146494210441E+0000
 1.98280096054077E-0001  1.61526635744139E+0000  2.29568372569379E+0001  1.61526635744139E+0000  2.29568372569379E+0001  1.61526635744139E+0000  2.29568372569379E+0001
 2.11080431938171E-0001  1.47082493576762E+0000  1.00056288869479E+0001  1.47082493576762E+0000  1.00056288869479E+0001  1.47082493576762E+0000  1.00056288869479E+0001
 2.23880752921104E-0001  1.53577170954926E+0000  1.53060413907879E+0001  1.53577170954926E+0000  1.53060413907879E+0001  1.53577170954926E+0000  1.53060413907879E+0001
 2.36681088805199E-0001  1.55038136870733E+0000  1.12227470853557E+0001  1.55038136870733E+0000  1.12227470853557E+0001  1.55038136870733E+0000  1.12227470853557E+0001
 2.49481409788132E-0001  1.46942180973608E+0000  3.78419287810205E+0001  1.46942180973608E+0000  3.78419287810205E+0001  1.46942180973608E+0000  3.78419287810205E+0001
 2.68681913614273E-0001  1.62798266861224E+0000  1.17919456347041E+0001  1.62798266861224E+0000  1.17919456347041E+0001  1.62798266861224E+0000  1.17919456347041E+0001
 2.94282555580139E-0001  1.61332186898665E+0000  9.16061423583508E+0000  1.61332186898665E+0000  9.16061423583508E+0000  1.61332186898665E+0000  9.16061423583508E+0000
 3.19883227348328E-0001  1.55676363414906E+0000  1.31820677469979E+0001  1.55676363414906E+0000  1.31820677469979E+0001  1.55676363414906E+0000  1.31820677469979E+0001
 3.45483869314194E-0001  1.56575720702663E+0000  9.54298318548724E+0000  1.56575720702663E+0000  9.54298318548724E+0000  1.56575720702663E+0000  9.54298318548724E+0000
 3.71084541082382E-0001  1.50470898247621E+0000  1.92127506864323E+0001  1.50470898247621E+0000  1.92127506864323E+0001  1.50470898247621E+0000  1.92127506864323E+0001
 3.96685212850571E-0001  1.39523011323385E+0000  1.76915471976749E+0001  1.39523011323385E+0000  1.76915471976749E+0001  1.39523011323385E+0000  1.76915471976749E+0001
 4.22285854816437E-0001  1.48122074987511E+0000  2.43160873778504E+0001  1.48122074987511E+0000  2.43160873778504E+0001  1.48122074987511E+0000  2.43160873778504E+0001
 4.47886526584625E-0001  1.44303874823085E+0000  1.08481305405202E+0001  1.44303874823085E+0000  1.08481305405202E+0001  1.44303874823085E+0000  1.08481305405202E+0001
 4.73487168550491E-0001  1.41108111289096E+0000  1.75978982320490E+0001  1.41108111289096E+0000  1.75978982320490E+0001  1.41108111289096E+0000  1.75978982320490E+0001
 4.99087840318680E-0001  1.34204008020939E+0000  2.67299842993716E+0001  1.34204008020939E+0000  2.67299842993716E+0001  1.34204008020939E+0000  2.67299842993716E+0001
 5.37488818168640E-0001  1.49460889511578E+0000  1.73587487400479E+0001  1.49460889511578E+0000  1.73587487400479E+0001  1.49460889511578E+0000  1.73587487400479E+0001
 5.88690161705017E-0001  1.38805915779479E+0000  1.92982927230492E+0001  1.38805915779479E+0000  1.92982927230492E+0001  1.38805915779479E+0000  1.92982927230492E+0001
 6.39891445636749E-0001  1.51576682724056E+0000  2.16256416677620E+0001  1.51576682724056E+0000  2.16256416677620E+0001  1.51576682724056E+0000  2.16256416677620E+0001
 6.91092789173126E-0001  1.48806977214762E+0000  3.67516853697868E+0001  1.48806977214762E+0000  3.67516853697868E+0001  1.48806977214762E+0000  3.67516853697868E+0001
 7.42294073104858E-0001  1.47062899441584E+0000  1.27153662726764E+0001  1.47062899441584E+0000  1.27153662726764E+0001  1.47062899441584E+0000  1.27153662726764E+0001
 7.93495416641235E-0001  1.44672093214408E+0000  2.68430944995742E+0001  1.44672093214408E+0000  2.68430944995742E+0001  1.44672093214408E+0000  2.68430944995742E+0001
 8.44696700572968E-0001  1.43611599911265E+0000  5.48932959399691E+0001  1.43611599911265E+0000  5.48932959399691E+0001  1.43611599911265E+0000  5.48932959399691E+0001
 8.95898044109344E-0001  1.40570341624125E+0000  1.20353345265511E+0001  1.40570341624125E+0000  1.20353345265511E+0001  1.40570341624125E+0000  1.20353345265511E+0001
 9.47099328041077E-0001  1.36811117992617E+0000  1.72059536081253E+0001  1.36811117992617E+0000  1.72059536081253E+0001  1.36811117992617E+0000  1.72059536081253E+0001
 9.98300671577454E-0001  1.35909134198169E+0000  4.48166033935148E+0001  1.35909134198169E+0000  4.48166033935148E+0001  1.35909134198169E+0000  4.48166033935148E+0001
 1.07510268688202E+0000  1.40863336463402E+0000  2.56818675861618E+0001  1.40863336463402E+0000  2.56818675861618E+0001  1.40863336463402E+0000  2.56818675861618E+0001
 1.17750525474548E+0000  1.37470021281293E+0000  3.68536739326855E+0001  1.37470021281293E+0000  3.68536739326855E+0001  1.37470021281293E+0000  3.68536739326855E+0001
 1.27990794181824E+0000  1.31815830627079E+0000  2.67293305258075E+0001  1.31815830627079E+0000  2.67293305258075E+0001  1.31815830627079E+0000  2.67293305258075E+0001
 1.38231050968170E+0000  1.35086101873857E+0000  4.06843967684665E+0001  1.35086101873857E+0000  4.06843967684665E+0001  1.35086101873857E+0000  4.06843967684665E+0001
 1.48471319675446E+0000  1.31514903887132E+0000  3.11420726592750E+0001  1.31514903887132E+0000  3.11420726592750E+0001  1.31514903887132E+0000  3.11420726592750E+0001
 1.58711576461792E+0000  1.33213922522494E+0000  1.99476913073699E+0001  1.33213922522494E+0000  1.99476913073699E+0001  1.33213922522494E+0000  1.99476913073699E+0001
 1.68951845169067E+0000  1.30395799921882E+0000  1.55732689377728E+0001  1.30395799921882E+0000  1.55732689377728E+0001  1.30395799921882E+0000  1.55732689377728E+0001
 1.79192101955414E+0000  1.28846463640586E+0000  3.24003380606450E+0001  1.28846463640586E+0000  3.24003380606450E+0001  1.28846463640586E+0000  3.24003380606450E+0001
 1.89432370662689E+0000  1.26854271777872E+0000  1.96532662742722E+0001  1.26854271777872E+0000  1.96532662742722E+0001  1.26854271777872E+0000  1.96532662742722E+0001
 1.99672639369965E+0000  1.27503461846904E+0000  4.40371376463850E+0001  1.27503461846904E+0000  4.40371376463850E+0001  1.27503461846904E+0000  4.40371376463850E+0001
 2.15033030509949E+0000  1.24850792654195E+0000  2.64550438744062E+0001  1.24850792654195E+0000  2.64550438744062E+0001  1.24850792654195E+0000  2.64550438744062E+0001
 2.35513544082642E+0000  1.21565499809301E+0000  2.56553856824331E+0001  1.21565499809301E+0000  2.56553856824331E+0001  1.21565499809301E+0000  2.56553856824331E+0001
 2.55994081497192E+0000  1.18618645133661E+0000  8.43532592742451E+0001  1.18618645133661E+0000  8.43532592742451E+0001  1.18618645133661E+0000  8.43532592742451E+0001
 2.76474618911743E+0000  1.24029148184817E+0000  4.22410060236823E+0001  1.24029148184817E+0000  4.22410060236823E+0001  1.24029148184817E+0000  4.22410060236823E+0001
 2.96955132484436E+0000  1.15348675981949E+0000  4.19123614136815E+0001  1.15348675981949E+0000  4.19123614136815E+0001  1.15348675981949E+0000  4.19123614136815E+0001
 3.17435669898987E+0000  1.14553165769385E+0000  5.99812430792818E+0001  1.14553165769385E+0000  5.99812430792818E+0001  1.14553165769385E+0000  5.99812430792818E+0001
 3.37916183471680E+0000  1.12385690059647E+0000  4.69660450701132E+0001  1.12385690059647E+0000  4.69660450701132E+0001  1.12385690059647E+0000  4.69660450701132E+0001
 3.58396720886230E+0000  1.11918294989108E+0000  2.09433059241517E+0001  1.11918294989108E+0000  2.09433059241517E+0001  1.11918294989108E+0000  2.09433059241517E+0001
 3.78877234458923E+0000  1.13123808920640E+0000  3.17652997436837E+0001  1.13123808920640E+0000  3.17652997436837E+0001  1.13123808920640E+0000  3.17652997436837E+0001
 3.99357771873474E+0000  1.06615912965135E+0000  6.05180359650472E+0001  1.06615912965135E+0000  6.05180359650472E+0001  1.06615912965135E+0000  6.05180359650472E+0001
 4.30078554153442E+0000  1.04551818294975E+0000  2.83487326581355E+0001  1.04551818294975E+0000  2.83487326581355E+0001  1.04551818294975E+0000  2.83487326581355E+0001
 4.71039628982544E+0000  1.01772425804360E+0000  6.51223930920297E+0001  1.01772425804360E+0000  6.51223930920297E+0001  1.01772425804360E+0000  6.51223930920297E+0001
 5.12000656127930E+0000  9.84324458123820E-0001  5.50942836503264E+0001  9.84324458123820E-0001  5.50942836503264E+0001  9.84324458123820E-0001  5.50942836503264E+0001
 5.52961730957031E+0000  9.61452759583157E-0001  4.49344191715387E+0001  9.61452759583157E-0001  4.49344191715387E+0001  9.61452759583157E-0001  4.49344191715387E+0001
 5.93922758102417E+0000  9.50038074908630E-0001  4.27607578556144E+0001  9.50038074908630E-0001  4.27607578556144E+0001  9.50038074908630E-0001  4.27607578556144E+0001
 6.34883832931519E+0000  9.51276311116449E-0001  1.33922802171063E+0002  9.51276311116449E-0001  1.33922802171063E+0002  9.51276311116449E-0001  1.33922802171063E+0002
 6.75844860076904E+0000  9.10306211586879E-0001  6.78665459375884E+0001  9.10306211586879E-0001  6.78665459375884E+0001  9.10306211586879E-0001  6.78665459375884E+0001
 7.16805934906006E+0000  8.73182119345227E-0001  4.66866698912679E+0001  8.73182119345227E-0001  4.66866698912679E+0001  8.73182119345227E-0001  4.66866698912679E+0001
 7.57766962051392E+0000  8.64144469115980E-0001  4.08293341079390E+0001  8.64144469115980E-0001  4.08293341079390E+0001  8.64144469115980E-0001  4.08293341079390E+0001
 7.98728036880493E+0000  8.51731509444721E-0001  4.67316737137543E+0001  8.51731509444721E-0001  4.67316737137543E+0001  8.51731509444721E-0001  4.67316737137543E+0001
 8.60169601440430E+0000  8.30832213726391E-0001  6.97741210531201E+0001  8.30832213726391E-0001  6.97741210531201E+0001  8.30832213726391E-0001  6.97741210531201E+0001
 9.42091751098633E+0000  7.96333924723202E-0001  8.51078154803583E+0001  7.96333924723202E-0001  8.51078154803583E+0001  7.96333924723202E-0001  8.51078154803583E+0001
 1.02401380538940E+0001  7.84361272201578E-0001  4.09977472031681E+0001  7.84361272201578E-0001  4.09977472031681E+0001  7.84361272201578E-0001  4.09977472031681E+0001
 1.10593595504760E+0001  7.33441625581393E-0001  4.51897566032280E+0001  7.33441625581393E-0001  4.51897566032280E+0001  7.33441625581393E-0001  4.51897566032280E+0001
 1.18785800933837E+0001  7.19634366694529E-0001  4.40287839830539E+0001  7.19634366694529E-0001  4.40287839830539E+0001  7.19634366694529E-0001  4.40287839830539E+0001
 1.26978015899658E+0001  7.02924745850946E-0001  3.19913069989847E+0001  7.02924745850946E-0001  3.19913069989847E+0001  7.02924745850946E-0001  3.19913069989847E+0001
 1.35170221328735E+0001  6.84964768777457E-0001  6.45645140792323E+0001  6.84964768777457E-0001  6.45645140792323E+0001  6.84964768777457E-0001  6.45645140792323E+0001
 1.43362436294555E+0001  6.63692639572666E-0001  1.40209072708001E+0002  6.63692639572666E-0001  1.40209072708001E+0002  6.63692639572666E-0001  1.40209072708001E+0002
 1.51554651260376E+0001  6.49674381070724E-0001  1.10834595755309E+0002  6.49674381070724E-0001  1.10834595755309E+0002  6.49674381070724E-0001  1.10834595755309E+0002
 1.59746856689453E+0001  6.11240572068373E-0001  7.49328800486559E+0001  6.11240572068373E-0001  7.49328800486559E+0001  6.11240572068373E-0001  7.49328800486559E+0001
 1.72035179138184E+0001  6.09146777314265E-0001  1.09328756286671E+0002  6.09146777314265E-0001  1.09328756286671E+0002  6.09146777314265E-0001  1.09328756286671E+0002
 1.88419589996338E+0001  5.74033061737387E-0001  1.11292384565435E+0002  5.74033061737387E-0001  1.11292384565435E+0002  5.74033061737387E-0001  1.11292384565435E+0002
 2.04804019927979E+0001  5.55008461335805E-0001  9.55867172683044E+0001  5.55008461335805E-0001  9.55867172683044E+0001  5.55008461335805E-0001  9.55867172683044E+0001
 2.21188430786133E+0001  5.20235786823039E-0001  1.18852751066864E+0002  5.20235786823039E-0001  1.18852751066864E+0002  5.20235786823039E-0001  1.18852751066864E+0002
 2.37572860717773E+0001  5.00738099978987E-0001  1.09009078092013E+0002  5.00738099978987E-0001  1.09009078092013E+0002  5.00738099978987E-0001  1.09009078092013E+0002
 2.53957271575928E+0001  4.99625162688671E-0001  7.32859773292797E+0001  4.99625162688671E-0001  7.32859773292797E+0001  4.99625162688671E-0001  7.32859773292797E+0001
 2.70341701507568E+0001  4.67491403958475E-0001  5.79266259218067E+0001  4.67491403958475E-0001  5.79266259218067E+0001  4.67491403958475E-0001  5.79266259218067E+0001
 2.86726112365723E+0001  4.54402045382070E-0001  6.39305453798124E+0001  4.54402045382070E-0001  6.39305453798124E+0001  4.54402045382070E-0001  6.39305453798124E+0001
 3.03110542297363E+0001  4.33620610339496E-0001  4.40841180780067E+0001  4.33620610339496E-0001  4.40841180780067E+0001  4.33620610339496E-0001  4.40841180780067E+0001
 3.19494972229004E+0001  4.18432388726701E-0001  4.30959056695313E+0001  4.18432388726701E-0001  4.30959056695313E+0001  4.18432388726701E-0001  4.30959056695313E+0001
 3.44071578979492E+0001  4.03802985312517E-0001  3.35389887207548E+0001  4.03802985312517E-0001  3.35389887207548E+0001  4.03802985312517E-0001  3.35389887207548E+0001
 3.76840438842773E+0001  3.60189169256315E-0001  2.76552134934649E+0001  3.60189169256315E-0001  2.76552134934649E+0001  3.60189169256315E-0001  2.76552134934649E+0001
 4.09609298706055E+0001  3.30950930580976E-0001  2.83091327887958E+0001  3.30950930580976E-0001  2.83091327887958E+0001  3.30950930580976E-0001  2.83091327887958E+0001
 4.42378120422363E+0001  2.95042436730534E-0001  4.07188106527834E+0001  2.95042436730534E-0001  4.07188106527834E+0001  2.95042436730534E-0001  4.07188106527834E+0001
 4.75146980285645E+0001  2.73207679940458E-0001  3.63864370891141E+0001  2.73207679940458E-0001  3.63864370891141E+0001  2.73207679940458E-0001  3.63864370891141E+0001
 5.07915802001953E+0001  2.39388573576981E-0001  3.04741359843756E+0001  2.39388573576981E-0001  3.04741359843756E+0001  2.39388573576981E-0001  3.04741359843756E+0001
 5.40684661865234E+0001  2.07697499809844E-0001  2.39250422357175E+0001  2.07697499809844E-0001  2.39250422357175E+0001  2.07697499809844E-0001  2.39250422357175E+0001
 5.73453483581543E+0001  2.06836072630859E-0001  2.20730246538737E+0001  2.06836072630859E-0001  2.20730246538737E+0001  2.06836072630859E-0001  2.20730246538737E+0001
 6.06222343444824E+0001  1.92136003299804E-0001  3.01524192040906E+0001  1.92136003299804E-0001  3.01524192040906E+0001  1.92136003299804E-0001  3.01524192040906E+0001
 6.38991165161133E+0001  1.87963909980550E-0001  3.16518146372318E+0001  1.87963909980550E-0001  3.16518146372318E+0001  1.87963909980550E-0001  3.16518146372318E+0001
 6.88144454956055E+0001  1.66114127809223E-0001  4.47440188252487E+0001  1.66114127809223E-0001  4.47440188252487E+0001  1.66114127809223E-0001  4.47440188252487E+0001
 7.53682098388672E+0001  1.37369167321114E-0001  3.66807758908416E+0001  1.37369167321114E-0001  3.66807758908416E+0001  1.37369167321114E-0001  3.66807758908416E+0001
 8.19219818115234E+0001  1.07972392674698E-0001  6.23504659785848E+0001  1.07972392674698E-0001  6.23504659785848E+0001  1.07972392674698E-0001  6.23504659785848E+0001
 8.84757461547852E+0001  6.59358955920706E-0002  4.15648427172108E+0001  6.59358955920706E-0002  4.15648427172108E+0001  6.59358955920706E-0002  4.15648427172108E+0001
 9.50295181274414E+0001  5.42248025643128E-0002  3.81045063749144E+0001  5.42248025643128E-0002  3.81045063749144E+0001  5.42248025643128E-0002  3.81045063749144E+0001
 1.01583290100097E+0002  4.35221198722143E-0002  2.91851595931566E+0001  4.35221198722143E-0002  2.91851595931566E+0001  4.35221198722143E-0002  2.91851595931566E+0001
 1.08137054443359E+0002  4.07185828603109E-0002  4.33403933090632E+0001  4.07185828603109E-0002  4.33403933090632E+0001  4.07185828603109E-0002  4.33403933090632E+0001
 1.14690826416015E+0002  3.74722500412480E-0002  3.46890770229096E+0001  3.74722500412480E-0002  3.46890770229096E+0001  3.74722500412480E-0002  3.46890770229096E+0001
 1.21244590759277E+0002  3.08420233379009E-0002  4.24242277107258E+0001  3.08420233379009E-0002  4.24242277107258E+0001  3.08420233379009E-0002  4.24242277107258E+0001
 1.27798362731933E+0002  2.51916766405579E-0002  4.33083326424007E+0001  2.51916766405579E-0002  4.33083326424007E+0001  2.51916766405579E-0002  4.33083326424007E+0001
 1.37629013061523E+0002 -2.13706817401476E-0004  3.98526194673979E+0001 -2.13706817401476E-0004  3.98526194673979E+0001 -2.13706817401476E-0004  3.98526194673979E+0001
 1.50736557006836E+0002  3.31331694453533E-0004  4.29931261315817E+0001  3.31331694453533E-0004  4.29931261315817E+0001  3.31331694453533E-0004  4.29931261315817E+0001
 1.63844085693359E+0002  8.68156692043203E-0003  6.85923698464464E+0001  8.68156692043203E-0003  6.85923698464464E+0001  8.68156692043203E-0003  6.85923698464464E+0001
 1.76951629638672E+0002  1.46928172810475E-0003  3.78890851717117E+0001  1.46928172810475E-0003  3.78890851717117E+0001  1.46928172810475E-0003  3.78890851717117E+0001
 1.90059158325195E+0002 -2.54972976187468E-0003  3.37132125955838E+0001 -2.54972976187468E-0003  3.37132125955838E+0001 -2.54972976187468E-0003  3.37132125955838E+0001
 2.03166702270508E+0002  2.77260461294883E-0002  5.21561669363354E+0001  2.77260461294883E-0002  5.21561669363354E+0001  2.77260461294883E-0002  5.21561669363354E+0001
 2.16274230957031E+0002  2.25233995958359E-0002  6.20889081720752E+0001  2.25233995958359E-0002  6.20889081720752E+0001  2.25233995958359E-0002  6.20889081720752E+0001
 2.29381774902344E+0002  5.90154515197235E-0003  2.59467855969815E+0001  5.90154515197235E-0003  2.59467855969815E+0001  5.90154515197235E-0003  2.59467855969815E+0001
 2.42489303588867E+0002 -8.26078937693495E-0003  2.44474563522250E+0001 -8.26078937693495E-0003  2.44474563522250E+0001 -8.26078937693495E-0003  2.44474563522250E+0001
 2.55596847534180E+0002 -3.50037299358645E-0002  2.98073881443053E+0001 -3.50037299358645E-0002  2.98073881443053E+0001 -3.50037299358645E-0002  2.98073881443053E+0001
 2.75258148193359E+0002 -4.99134665691271E-0002  2.69064019536975E+0001 -4.99134665691271E-0002  2.69064019536975E+0001 -4.99134665691271E-0002  2.69064019536975E+0001
 3.01473236083984E+0002 -6.54503964699248E-0002  2.21083697173736E+0001 -6.54503964699248E-0002  2.21083697173736E+0001 -6.54503964699248E-0002  2.21083697173736E+0001
 3.27688293457031E+0002 -1.07572669646457E-0001  2.62871674399153E+0001 -1.07572669646457E-0001  2.62871674399153E+0001 -1.07572669646457E-0001  2.62871674399153E+0001
 3.53903381347656E+0002 -1.09505594979316E-0001  2.09986680715866E+0001 -1.09505594979316E-0001  2.09986680715866E+0001 -1.09505594979316E-0001  2.09986680715866E+0001
 3.80118438720703E+0002 -9.01218774396668E-0002  1.73525774343973E+0001 -9.01218774396668E-0002  1.73525774343973E+0001 -9.01218774396668E-0002  1.73525774343973E+0001
 4.06333526611328E+0002 -7.29757224070924E-0002  1.78055679868878E+0001 -7.29757224070924E-0002  1.78055679868878E+0001 -7.29757224070924E-0002  1.78055679868878E+0001
 4.32548583984375E+0002 -7.13930319590039E-0002  1.70620794933046E+0001 -7.13930319590039E-0002  1.70620794933046E+0001 -7.13930319590039E-0002  1.70620794933046E+0001
 4.58763671875000E+0002 -5.62811236782541E-0002  2.41826127362667E+0001 -5.62811236782541E-0002  2.41826127362667E+0001 -5.62811236782541E-0002  2.41826127362667E+0001
 4.84978729248047E+0002 -4.34275037158968E-0002  1.99428799876839E+0001 -4.34275037158968E-0002  1.99428799876839E+0001 -4.34275037158968E-0002  1.99428799876839E+0001
 5.11193817138672E+0002 -4.05128678906941E-0002  2.54264034387334E+0001 -4.05128678906941E-0002  2.54264034387334E+0001 -4.05128678906941E-0002  2.54264034387334E+0001
 5.50516418457031E+0002 -3.69446059543409E-0002  3.93499534061137E+0001 -3.69446059543409E-0002  3.93499534061137E+0001 -3.69446059543409E-0002  3.93499534061137E+0001
 6.02946594238281E+0002 -4.88168490836116E-0002  3.99698729425819E+0001 -4.88168490836116E-0002  3.99698729425819E+0001 -4.88168490836116E-0002  3.99698729425819E+0001
 6.55376708984375E+0002  2.32369858877383E-0002  8.75145863965960E+0001  2.32369858877383E-0002  8.75145863965960E+0001  2.32369858877383E-0002  8.75145863965960E+0001
 7.07806884765625E+0002 -2.95972939892574E-0002  2.92513216455873E+0001 -2.95972939892574E-0002  2.92513216455873E+0001 -2.95972939892574E-0002  2.92513216455873E+0001
 7.60236999511719E+0002  2.39265237375146E-0003  4.92979933484252E+0001  2.39265237375146E-0003  4.92979933484252E+0001  2.39265237375146E-0003  4.92979933484252E+0001
 8.12667175292969E+0002 -1.57603968715099E-0002  4.93962449572759E+0001 -1.57603968715099E-0002  4.93962449572759E+0001 -1.57603968715099E-0002  4.93962449572759E+0001
 8.65097290039063E+0002  1.63785362607905E-0002  3.23217934151859E+0001  1.63785362607905E-0002  3.23217934151859E+0001  1.63785362607905E-0002  3.23217934151859E+0001
 9.17527465820313E+0002  4.64107048636480E-0002  2.40848513473873E+0001  4.64107048636480E-0002  2.40848513473873E+0001  4.64107048636480E-0002  2.40848513473873E+0001
 9.69957641601563E+0002  5.65974250381677E-0002  4.09615388466317E+0001  5.65974250381677E-0002  4.09615388466317E+0001  5.65974250381677E-0002  4.09615388466317E+0001
 1.02238775634765E+0003  9.82141884784569E-0004  1.68641576559655E+0001  9.82141884784569E-0004  1.68641576559655E+0001  9.82141884784569E-0004  1.68641576559655E+0001
 1.10103295898438E+0003 -8.53762384105920E-0002  1.62791870029862E+0001 -8.53762384105920E-0002  1.62791870029862E+0001 -8.53762384105920E-0002  1.62791870029862E+0001
 1.20589331054688E+0003 -4.81128532856576E-0002  1.34418249469846E+0001 -4.81128532856576E-0002  1.34418249469846E+0001 -4.81128532856576E-0002  1.34418249469846E+0001
 1.31075354003906E+0003 -1.26658370656603E-0002  1.98511878781578E+0001 -1.26658370656603E-0002  1.98511878781578E+0001 -1.26658370656603E-0002  1.98511878781578E+0001
 1.41561389160156E+0003 -4.91710610889625E-0002  2.83696137881862E+0001 -4.91710610889625E-0002  2.83696137881862E+0001 -4.91710610889625E-0002  2.83696137881862E+0001
 1.52047412109375E+0003  1.30834802605828E-0002  3.92686477761768E+0001  1.30834802605828E-0002  3.92686477761768E+0001  1.30834802605828E-0002  3.92686477761768E+0001
 1.62533447265625E+0003 -1.15059185310892E-0003  2.83184340760554E+0001 -1.15059185310892E-0003  2.83184340760554E+0001 -1.15059185310892E-0003  2.83184340760554E+0001
 1.73019470214844E+0003 -3.42990344984617E-0002  1.66111035181244E+0001 -3.42990344984617E-0002  1.66111035181244E+0001 -3.42990344984617E-0002  1.66111035181244E+0001
 1.83505505371094E+0003 -9.42955698214046E-0002  1.70249397808921E+0001 -9.42955698214046E-0002  1.70249397808921E+0001 -9.42955698214046E-0002  1.70249397808921E+0001
 1.93991540527344E+0003 -9.84938881567510E-0002  1.25539565022585E+0001 -9.84938881567510E-0002  1.25539565022585E+0001 -9.84938881567510E-0002  1.25539565022585E+0001
 2.04477563476563E+0003 -1.44437753765771E-0001  1.77735332569982E+0001 -1.44437753765771E-0001  1.77735332569982E+0001 -1.44437753765771E-0001  1.77735332569982E+0001
 2.20206616210938E+0003 -4.18892698435559E-0002  3.13803700497299E+0001 -4.18892698435559E-0002  3.13803700497299E+0001 -4.18892698435559E-0002  3.13803700497299E+0001
 2.41178662109375E+0003 -3.82876566962390E-0002  3.81699104561132E+0001 -3.82876566962390E-0002  3.81699104561132E+0001 -3.82876566962390E-0002  3.81699104561132E+0001
 2.62150732421875E+0003 -4.91700956663538E-0004  1.46168936199347E+0001 -4.91700956663538E-0004  1.46168936199347E+0001 -4.91700956663538E-0004  1.46168936199347E+0001
 2.83122778320313E+0003 -5.68147704864717E-0002  1.48663713966886E+0001 -5.68147704864717E-0002  1.48663713966886E+0001 -5.68147704864717E-0002  1.48663713966886E+0001
 3.04094848632813E+0003 -9.03903827827591E-0002  2.42889216726913E+0001 -9.03903827827591E-0002  2.42889216726913E+0001 -9.03903827827591E-0002  2.42889216726913E+0001
 3.25066894531250E+0003 -8.26368405184911E-0002  4.04205020859329E+0001 -8.26368405184911E-0002  4.04205020859329E+0001 -8.26368405184911E-0002  4.04205020859329E+0001
 3.46038964843750E+0003 -5.17973305641265E-0002  3.83129259957246E+0001 -5.17973305641265E-0002  3.83129259957246E+0001 -5.17973305641265E-0002  3.83129259957246E+0001
 3.67011035156250E+0003 -4.98164089822212E-0003  2.19518882401782E+0001 -4.98164089822212E-0003  2.19518882401782E+0001 -4.98164089822212E-0003  2.19518882401782E+0001
 3.87983081054688E+0003  8.96077666073501E-0002  1.59815030805057E+0001  8.96077666073501E-0002  1.59815030805057E+0001  8.96077666073501E-0002  1.59815030805057E+0001
 4.08955151367188E+0003  6.30110992008413E-0002  4.96625586528831E+0001  6.30110992008413E-0002  4.96625586528831E+0001  6.30110992008413E-0002  4.96625586528831E+0001
 4.40413232421875E+0003  7.04756166869940E-0002  1.43543671685062E+0001  7.04756166869940E-0002  1.43543671685062E+0001  7.04756166869940E-0002  1.43543671685062E+0001
 4.82357373046875E+0003  1.21834268563880E-0001  5.96928898996271E+0000  1.21834268563880E-0001  5.96928898996271E+0000  1.21834268563880E-0001  5.96928898996271E+0000
 5.24301464843750E+0003  9.20540844291063E-0002  8.50822203163066E+0000  9.20540844291063E-0002  8.50822203163066E+0000  9.20540844291063E-0002  8.50822203163066E+0000
 5.66245605468750E+0003 -2.01529774478453E-0002  7.98399644675978E+0000 -2.01529774478453E-0002  7.98399644675978E+0000 -2.01529774478453E-0002  7.98399644675978E+0000
 6.08189697265625E+0003  1.05178908393728E-0002  5.28114425806839E+0000  1.05178908393728E-0002  5.28114425806839E+0000  1.05178908393728E-0002  5.28114425806839E+0000
 6.50133837890625E+0003 -7.31123280051435E-0002  5.34806084955487E+0000 -7.31123280051435E-0002  5.34806084955487E+0000 -7.31123280051435E-0002  5.34806084955487E+0000
 6.92077929687500E+0003 -4.39123980588479E-0001  2.78151964383511E+0000 -4.39123980588479E-0001  2.78151964383511E+0000 -4.39123980588479E-0001  2.78151964383511E+0000
 7.34022070312500E+0003 -6.44660311830707E-0001  3.82417691746520E+0000 -6.44660311830707E-0001  3.82417691746520E+0000 -6.44660311830707E-0001  3.82417691746520E+0000
 7.75966162109375E+0003 -7.55943033801288E-0001  3.89616680999232E+0000 -7.55943033801288E-0001  3.89616680999232E+0000 -7.55943033801288E-0001  3.89616680999232E+0000
 8.17910302734375E+0003 -1.00000000000000E+0000  2.35607061929292E+0001 -1.00000000000000E+0000  2.35607061929292E+0001 -1.00000000000000E+0000  2.35607061929292E+0001
