 Corr.Time[ms]           Correlation(1->2+2->1)  Weighting(1->2+2->1)    Correlation(1->2)       Weighting(1->2)         Correlation(2->1)       Weighting(2->1)
 1.42501853406429E-0003  2.17053911508432E+0000  1.14173705141191E+0000  2.17053911508432E+0000  1.14173705141191E+0000  2.17053911508432E+0000  1.14173705141191E+0000
 1.52501987759023E-0003  2.49436935355642E+0000  1.20626399757299E+0000  2.49436935355642E+0000  1.20626399757299E+0000  2.49436935355642E+0000  1.20626399757299E+0000
 1.62502122111619E-0003  7.67905364230270E-0001  2.79237227991783E+0000  7.67905364230270E-0001  2.79237227991783E+0000  7.67905364230270E-0001  2.79237227991783E+0000
 1.72502244822681E-0003  1.02881676348009E+0000  3.56547140927477E+0000  1.02881676348009E+0000  3.56547140927477E+0000  1.02881676348009E+0000  3.56547140927477E+0000
 1.82502379175276E-0003  1.32808145775782E+0000  1.46282139438862E+0000  1.32808145775782E+0000  1.46282139438862E+0000  1.32808145775782E+0000  1.46282139438862E+0000
 1.97502574883401E-0003  1.90865162420412E+0000  9.15295496141064E-0001  1.90865162420412E+0000  9.15295496141064E-0001  1.90865162420412E+0000  9.15295496141064E-0001
 2.17502843588591E-0003  1.50724914946061E+0000  1.15198845074167E+0000  1.50724914946061E+0000  1.15198845074167E+0000  1.50724914946061E+0000  1.15198845074167E+0000
 2.37503089010715E-0003  2.27684891093810E+0000  1.26168022240873E+0000  2.27684891093810E+0000  1.26168022240873E+0000  2.27684891093810E+0000  1.26168022240873E+0000
 2.57503357715905E-0003  2.83702510551940E+0000  1.07782474650070E+0000  2.83702510551940E+0000  1.07782474650070E+0000  2.83702510551940E+0000  1.07782474650070E+0000
 2.77503626421094E-0003  1.45978340419431E+0000  2.73832348971306E+0000  1.45978340419431E+0000  2.73832348971306E+0000  1.45978340419431E+0000  2.73832348971306E+0000
 2.97503871843219E-0003  1.62075076543982E+0000  5.46554739939710E+0000  1.62075076543982E+0000  5.46554739939710E+0000  1.62075076543982E+0000  5.46554739939710E+0000
 3.17504140548408E-0003  2.15420673647850E+0000  1.34134610372448E+0000  2.15420673647850E+0000  1.34134610372448E+0000  2.15420673647850E+0000  1.34134610372448E+0000
 3.37504409253597E-0003  1.88196044168092E+0000  2.54690603709188E+0000  1.88196044168092E+0000  2.54690603709188E+0000  1.88196044168092E+0000  2.54690603709188E+0000
 3.57504654675722E-0003  3.11990365084341E+0000  1.59749930109167E+0000  3.11990365084341E+0000  1.59749930109167E+0000  3.11990365084341E+0000  1.59749930109167E+0000
 3.77504923380911E-0003  1.18848517053839E+0000  1.42094493947062E+0000  1.18848517053839E+0000  1.42094493947062E+0000  1.18848517053839E+0000  1.42094493947062E+0000
 4.07505314797163E-0003  1.22307930069203E+0000  2.88330407832890E+0000  1.22307930069203E+0000  2.88330407832890E+0000  1.22307930069203E+0000  2.88330407832890E+0000
 4.47505852207541E-0003  1.72732502720539E+0000  3.48317660769739E+0000  1.72732502720539E+0000  3.48317660769739E+0000  1.72732502720539E+0000  3.48317660769739E+0000
 4.87506343051791E-0003  1.30436199333103E+0000  4.20007197065101E+0000  1.30436199333103E+0000  4.20007197065101E+0000  1.30436199333103E+0000  4.20007197065101E+0000
 5.27506880462170E-0003  1.91654270079395E+0000  2.22815307085326E+0000  1.91654270079395E+0000  2.22815307085326E+0000  1.91654270079395E+0000  2.22815307085326E+0000
 5.67507417872548E-0003  1.87238727974552E+0000  2.40008655100521E+0000  1.87238727974552E+0000  2.40008655100521E+0000  1.87238727974552E+0000  2.40008655100521E+0000
 6.07507908716798E-0003  2.01432719218426E+0000  2.55280854976769E+0000  2.01432719218426E+0000  2.55280854976769E+0000  2.01432719218426E+0000  2.55280854976769E+0000
 6.47508446127176E-0003  1.79837015412739E+0000  2.76564061491719E+0000  1.79837015412739E+0000  2.76564061491719E+0000  1.79837015412739E+0000  2.76564061491719E+0000
 6.87508983537555E-0003  1.56465123397656E+0000  1.69318444290121E+0000  1.56465123397656E+0000  1.69318444290121E+0000  1.56465123397656E+0000  1.69318444290121E+0000
 7.27509474381804E-0003  1.49738572267232E+0000  2.18379341608887E+0000  1.49738572267232E+0000  2.18379341608887E+0000  1.49738572267232E+0000  2.18379341608887E+0000
 7.67510011792183E-0003  1.28597243819944E+0000  2.92682381866445E+0000  1.28597243819944E+0000  2.92682381866445E+0000  1.28597243819944E+0000  2.92682381866445E+0000
 8.27510841190815E-0003  1.53690370904694E+0000  3.28410995990892E+0000  1.53690370904694E+0000  3.28410995990892E+0000  1.53690370904694E+0000  3.28410995990892E+0000
 9.07511822879314E-0003  2.12018077602722E+0000  5.20555124599058E+0000  2.12018077602722E+0000  5.20555124599058E+0000  2.12018077602722E+0000  5.20555124599058E+0000
 9.87512897700071E-0003  1.90374989203374E+0000  2.47067778406954E+0000  1.90374989203374E+0000  2.47067778406954E+0000  1.90374989203374E+0000  2.47067778406954E+0000
 1.06751397252082E-0002  1.57320867434904E+0000  1.63159883642190E+0001  1.57320867434904E+0000  1.63159883642190E+0001  1.57320867434904E+0000  1.63159883642190E+0001
 1.14751495420932E-0002  1.47300721847038E+0000  1.59493581549317E+0001  1.47300721847038E+0000  1.59493581549317E+0001  1.47300721847038E+0000  1.59493581549317E+0001
 1.22751602903008E-0002  1.47827555958127E+0000  1.31494954054796E+0001  1.47827555958127E+0000  1.31494954054796E+0001  1.47827555958127E+0000  1.31494954054796E+0001
 1.30751710385084E-0002  1.43440143036900E+0000  2.12639144410286E+0000  1.43440143036900E+0000  2.12639144410286E+0000  1.43440143036900E+0000  2.12639144410286E+0000
 1.38751808553934E-0002  1.85463212042184E+0000  5.42270743549837E+0000  1.85463212042184E+0000  5.42270743549837E+0000  1.85463212042184E+0000  5.42270743549837E+0000
 1.46751916036009E-0002  1.73587427650476E+0000  2.40253768199513E+0000  1.73587427650476E+0000  2.40253768199513E+0000  1.73587427650476E+0000  2.40253768199513E+0000
 1.54752023518085E-0002  1.12376769996099E+0000  5.20402571543243E+0000  1.12376769996099E+0000  5.20402571543243E+0000  1.12376769996099E+0000  5.20402571543243E+0000
 1.66752170771360E-0002  1.77507071699912E+0000  4.30632192815163E+0000  1.77507071699912E+0000  4.30632192815163E+0000  1.77507071699912E+0000  4.30632192815163E+0000
 1.82752385735512E-0002  1.61687775319389E+0000  2.95161848204306E+0000  1.61687775319389E+0000  2.95161848204306E+0000  1.61687775319389E+0000  2.95161848204306E+0000
 1.98752600699663E-0002  1.74807616213747E+0000  1.17772116754573E+0001  1.74807616213747E+0000  1.17772116754573E+0001  1.74807616213747E+0000  1.17772116754573E+0001
 2.14752797037363E-0002  1.63723362019128E+0000  3.56438729490617E+0000  1.63723362019128E+0000  3.56438729490617E+0000  1.63723362019128E+0000  3.56438729490617E+0000
 2.30753012001514E-0002  1.26699021653703E+0000  4.69319758340794E+0000  1.26699021653703E+0000  4.69319758340794E+0000  1.26699021653703E+0000  4.69319758340794E+0000
 2.46753226965666E-0002  1.28483339597298E+0000  6.87583021627807E+0000  1.28483339597298E+0000  6.87583021627807E+0000  1.28483339597298E+0000  6.87583021627807E+0000
 2.62753423303366E-0002  1.52826950803495E+0000  6.56687181331246E+0000  1.52826950803495E+0000  6.56687181331246E+0000  1.52826950803495E+0000  6.56687181331246E+0000
 2.78753638267517E-0002  1.46669664845982E+0000  5.55673344576681E+0000  1.46669664845982E+0000  5.55673344576681E+0000  1.46669664845982E+0000  5.55673344576681E+0000
 2.94753853231668E-0002  1.33288583193318E+0000  4.87858624601830E+0000  1.33288583193318E+0000  4.87858624601830E+0000  1.33288583193318E+0000  4.87858624601830E+0000
 3.10754049569368E-0002  1.65522842901368E+0000  1.09493092422820E+0001  1.65522842901368E+0000  1.09493092422820E+0001  1.65522842901368E+0000  1.09493092422820E+0001
 3.34754362702370E-0002  1.55423610017359E+0000  8.32574070497327E+0000  1.55423610017359E+0000  8.32574070497327E+0000  1.55423610017359E+0000  8.32574070497327E+0000
 3.66754792630672E-0002  1.46329894080074E+0000  7.92982586595297E+0000  1.46329894080074E+0000  7.92982586595297E+0000  1.46329894080074E+0000  7.92982586595297E+0000
 3.98755185306072E-0002  1.39507881865310E+0000  9.32434915736683E+0000  1.39507881865310E+0000  9.32434915736683E+0000  1.39507881865310E+0000  9.32434915736683E+0000
 4.30755615234375E-0002  1.55706814886375E+0000  4.74341392558269E+0000  1.55706814886375E+0000  4.74341392558269E+0000  1.55706814886375E+0000  4.74341392558269E+0000
 4.62756045162678E-0002  1.38060880411976E+0000  7.30976731659518E+0000  1.38060880411976E+0000  7.30976731659518E+0000  1.38060880411976E+0000  7.30976731659518E+0000
 4.94756437838078E-0002  1.12593121839377E+0000  7.19802879956257E+0000  1.12593121839377E+0000  7.19802879956257E+0000  1.12593121839377E+0000  7.19802879956257E+0000
 5.26756867766380E-0002  1.53085430396135E+0000  5.45210081150131E+0000  1.53085430396135E+0000  5.45210081150131E+0000  1.53085430396135E+0000  5.45210081150131E+0000
 5.58757297694683E-0002  1.57867988686195E+0000  6.31154369354913E+0000  1.57867988686195E+0000  6.31154369354913E+0000  1.57867988686195E+0000  6.31154369354913E+0000
 5.90757690370083E-0002  1.33646202099730E+0000  1.12403822666340E+0001  1.33646202099730E+0000  1.12403822666340E+0001  1.33646202099730E+0000  1.12403822666340E+0001
 6.22758120298386E-0002  1.66521410500076E+0000  7.83096722069320E+0000  1.66521410500076E+0000  7.83096722069320E+0000  1.66521410500076E+0000  7.83096722069320E+0000
 6.70758783817291E-0002  1.31489105142461E+0000  8.84658209495526E+0000  1.31489105142461E+0000  8.84658209495526E+0000  1.31489105142461E+0000  8.84658209495526E+0000
 7.34759569168091E-0002  1.41723712275806E+0000  8.92927505017492E+0000  1.41723712275806E+0000  8.92927505017492E+0000  1.41723712275806E+0000  8.92927505017492E+0000
 7.98760429024696E-0002  1.32756803781766E+0000  1.00940466620111E+0001  1.32756803781766E+0000  1.00940466620111E+0001  1.32756803781766E+0000  1.00940466620111E+0001
 8.62761288881302E-0002  1.42738319115367E+0000  8.20858780698726E+0000  1.42738319115367E+0000  8.20858780698726E+0000  1.42738319115367E+0000  8.20858780698726E+0000
 9.26762074232101E-0002  1.34563221628014E+0000  1.49493600530710E+0001  1.34563221628014E+0000  1.49493600530710E+0001  1.34563221628014E+0000  1.49493600530710E+0001
 9.90762934088707E-0002  1.42729121042378E+0000  9.16686382184722E+0000  1.42729121042378E+0000  9.16686382184722E+0000  1.42729121042378E+0000  9.16686382184722E+0000
 1.05476379394531E-0001  1.38359148169441E+0000  1.10190055058931E+0001  1.38359148169441E+0000  1.10190055058931E+0001  1.38359148169441E+0000  1.10190055058931E+0001
 1.11876457929611E-0001  1.36284140151049E+0000  3.81710937677907E+0001  1.36284140151049E+0000  3.81710937677907E+0001  1.36284140151049E+0000  3.81710937677907E+0001
 1.18276543915271E-0001  1.34498512615456E+0000  7.56221220229479E+0000  1.34498512615456E+0000  7.56221220229479E+0000  1.34498512615456E+0000  7.56221220229479E+0000
 1.24676629900932E-0001  1.19692474710470E+0000  6.07861218519752E+0000  1.19692474710470E+0000  6.07861218519752E+0000  1.19692474710470E+0000  6.07861218519752E+0000
 1.34276747703552E-0001  1.28998760510406E+0000  1.35062186767300E+0001  1.28998760510406E+0000  1.35062186767300E+0001  1.28998760510406E+0000  1.35062186767300E+0001
 1.47076919674873E-0001  1.27314973999763E+0000  8.47039118147992E+0001  1.27314973999763E+0000  8.47039118147992E+0001  1.27314973999763E+0000  8.47039118147992E+0001
 1.59877091646194E-0001  1.28516713487801E+0000  1.09753424582584E+0001  1.28516713487801E+0000  1.09753424582584E+0001  1.28516713487801E+0000  1.09753424582584E+0001
 1.72677248716354E-0001  1.32156750667758E+0000  2.25757784579170E+0001  1.32156750667758E+0000  2.25757784579170E+0001  1.32156750667758E+0000  2.25757784579170E+0001
 1.85477420687675E-0001  1.23544788055133E+0000  1.07224857914068E+0001  1.23544788055133E+0000  1.07224857914068E+0001  1.23544788055133E+0000  1.07224857914068E+0001
 1.98277592658997E-0001  1.24384156431022E+0000  3.60103427238033E+0001  1.24384156431022E+0000  3.60103427238033E+0001  1.24384156431022E+0000  3.60103427238033E+0001
 2.11077749729156E-0001  1.26034267408548E+0000  2.26655185423479E+0001  1.26034267408548E+0000  2.26655185423479E+0001  1.26034267408548E+0000  2.26655185423479E+0001
 2.23877921700478E-0001  1.16553491420606E+0000  2.71251116689519E+0001  1.16553491420606E+0000  2.71251116689519E+0001  1.16553491420606E+0000  2.71251116689519E+0001
 2.36678093671799E-0001  1.29790730149425E+0000  1.12044923795272E+0001  1.29790730149425E+0000  1.12044923795272E+0001  1.29790730149425E+0000  1.12044923795272E+0001
 2.49478250741959E-0001  1.21517551032401E+0000  1.01077648732488E+0001  1.21517551032401E+0000  1.01077648732488E+0001  1.21517551032401E+0000  1.01077648732488E+0001
 2.68678516149521E-0001  1.25180093283776E+0000  2.38009273309948E+0001  1.25180093283776E+0000  2.38009273309948E+0001  1.25180093283776E+0000  2.38009273309948E+0001
 2.94278830289841E-0001  1.20750340060265E+0000  2.22277073808714E+0001  1.20750340060265E+0000  2.22277073808714E+0001  1.20750340060265E+0000  2.22277073808714E+0001
 3.19879174232483E-0001  1.13564745710192E+0000  1.37035652052791E+0001  1.13564745710192E+0000  1.37035652052791E+0001  1.13564745710192E+0000  1.37035652052791E+0001
 3.45479518175125E-0001  1.25418226974177E+0000  3.56971430658862E+0001  1.25418226974177E+0000  3.56971430658862E+0001  1.25418226974177E+0000  3.56971430658862E+0001
 3.71079832315445E-0001  1.16034673691660E+0000  2.46170960874944E+0001  1.16034673691660E+0000  2.46170960874944E+0001  1.16034673691660E+0000  2.46170960874944E+0001
 3.96680176258087E-0001  1.16460270271366E+0000  1.94524479415648E+0001  1.16460270271366E+0000  1.94524479415648E+0001  1.16460270271366E+0000  1.94524479415648E+0001
 4.22280520200729E-0001  1.24689487057946E+0000  2.07909019474498E+0001  1.24689487057946E+0000  2.07909019474498E+0001  1.24689487057946E+0000  2.07909019474498E+0001
 4.47880834341049E-0001  1.18647904497089E+0000  3.10999027934375E+0001  1.18647904497089E+0000  3.10999027934375E+0001  1.18647904497089E+0000  3.10999027934375E+0001
 4.73481178283691E-0001  1.17897143647016E+0000  1.30817838141726E+0001  1.17897143647016E+0000  1.30817838141726E+0001  1.17897143647016E+0000  1.30817838141726E+0001
 4.99081522226334E-0001  1.15181698980288E+0000  2.70832529740597E+0001  1.15181698980288E+0000  2.70832529740597E+0001  1.15181698980288E+0000  2.70832529740597E+0001
 5.37482023239136E-0001  1.18204784303221E+0000  2.26018401079477E+0001  1.18204784303221E+0000  2.26018401079477E+0001  1.18204784303221E+0000  2.26018401079477E+0001
 5.88682651519775E-0001  1.23528900647791E+0000  5.40113040049092E+0001  1.23528900647791E+0000  5.40113040049092E+0001  1.23528900647791E+0000  5.40113040049092E+0001
 6.39883339405060E-0001  1.15680306886095E+0000  1.88943939358588E+0001  1.15680306886095E+0000  1.88943939358588E+0001  1.15680306886095E+0000  1.88943939358588E+0001
 6.91084027290344E-0001  1.17915309923608E+0000  2.60496522839387E+0001  1.17915309923608E+0000  2.60496522839387E+0001  1.17915309923608E+0000  2.60496522839387E+0001
 7.42284655570984E-0001  1.11885858406183E+0000  1.68307600907077E+0001  1.11885858406183E+0000  1.68307600907077E+0001  1.11885858406183E+0000  1.68307600907077E+0001
 7.93485343456268E-0001  1.13977044312419E+0000  1.75382550914082E+0001  1.13977044312419E+0000  1.75382550914082E+0001  1.13977044312419E+0000  1.75382550914082E+0001
 8.44686031341553E-0001  1.07595859568170E+0000  4.25959149136283E+0001  1.07595859568170E+0000  4.25959149136283E+0001  1.07595859568170E+0000  4.25959149136283E+0001
 8.95886659622192E-0001  1.03753807032121E+0000  2.06993005856526E+0001  1.03753807032121E+0000  2.06993005856526E+0001  1.03753807032121E+0000  2.06993005856526E+0001
 9.47087347507477E-0001  1.13688022408602E+0000  5.28298510395097E+0001  1.13688022408602E+0000  5.28298510395097E+0001  1.13688022408602E+0000  5.28298510395097E+0001
 9.98288035392761E-0001  1.08751063273870E+0000  7.92446019197609E+0001  1.08751063273870E+0000  7.92446019197609E+0001  1.08751063273870E+0000  7.92446019197609E+0001
 1.07508897781372E+0000  1.13764074051435E+0000  4.50136883530217E+0001  1.13764074051435E+0000  4.50136883530217E+0001  1.13764074051435E+0000  4.50136883530217E+0001
 1.17749035358429E+0000  1.07676532946917E+0000  2.82616393813697E+0001  1.07676532946917E+0000  2.82616393813697E+0001  1.07676532946917E+0000  2.82616393813697E+0001
 1.27989172935486E+0000  1.10202001197103E+0000  4.21193147689261E+0001  1.10202001197103E+0000  4.21193147689261E+0001  1.10202001197103E+0000  4.21193147689261E+0001
 1.38229298591614E+0000  1.03593573953244E+0000  2.70599988756978E+0001  1.03593573953244E+0000  2.70599988756978E+0001  1.03593573953244E+0000  2.70599988756978E+0001
 1.48469436168671E+0000  1.05893035121825E+0000  2.17947265397031E+0001  1.05893035121825E+0000  2.17947265397031E+0001  1.05893035121825E+0000  2.17947265397031E+0001
 1.58709573745728E+0000  9.94597357000326E-0001  5.11086101380064E+0001  9.94597357000326E-0001  5.11086101380064E+0001  9.94597357000326E-0001  5.11086101380064E+0001
 1.68949699401855E+0000  1.02635308235274E+0000  3.12404532188194E+0001  1.02635308235274E+0000  3.12404532188194E+0001  1.02635308235274E+0000  3.12404532188194E+0001
 1.79189836978912E+0000  1.00555501283305E+0000  4.08109917454058E+0001  1.00555501283305E+0000  4.08109917454058E+0001  1.00555501283305E+0000  4.08109917454058E+0001
 1.89429974555969E+0000  9.91538970500953E-0001  5.73392753947739E+0001  9.91538970500953E-0001  5.73392753947739E+0001  9.91538970500953E-0001  5.73392753947739E+0001
 1.99670100212097E+0000  1.00348000516168E+0000  2.00544792920146E+0001  1.00348000516168E+0000  2.00544792920146E+0001  1.00348000516168E+0000  2.00544792920146E+0001
 2.15030312538147E+0000  9.60730873335123E-0001  6.89930512816593E+0001  9.60730873335123E-0001  6.89930512816593E+0001  9.60730873335123E-0001  6.89930512816593E+0001
 2.35510563850403E+0000  9.47331904848555E-0001  3.98579352114080E+0001  9.47331904848555E-0001  3.98579352114080E+0001  9.47331904848555E-0001  3.98579352114080E+0001
 2.55990839004517E+0000  9.41564305817983E-0001  6.03148590786124E+0001  9.41564305817983E-0001  6.03148590786124E+0001  9.41564305817983E-0001  6.03148590786124E+0001
 2.76471114158630E+0000  9.29218751834936E-0001  9.72221378058875E+0001  9.29218751834936E-0001  9.72221378058875E+0001  9.29218751834936E-0001  9.72221378058875E+0001
 2.96951365470886E+0000  9.35213166280724E-0001  8.85817480211017E+0001  9.35213166280724E-0001  8.85817480211017E+0001  9.35213166280724E-0001  8.85817480211017E+0001
 3.17431640625000E+0000  9.23718004056410E-0001  4.65426417405368E+0001  9.23718004056410E-0001  4.65426417405368E+0001  9.23718004056410E-0001  4.65426417405368E+0001
 3.37911915779114E+0000  8.83758190952970E-0001  5.55447415301796E+0001  8.83758190952970E-0001  5.55447415301796E+0001  8.83758190952970E-0001  5.55447415301796E+0001
 3.58392167091370E+0000  8.88305091552369E-0001  8.17989927907123E+0001  8.88305091552369E-0001  8.17989927907123E+0001  8.88305091552369E-0001  8.17989927907123E+0001
 3.78872442245483E+0000  8.31670833530482E-0001  4.80695561166060E+0001  8.31670833530482E-0001  4.80695561166060E+0001  8.31670833530482E-0001  4.80695561166060E+0001
 3.99352717399597E+0000  8.62047555416180E-0001  4.56006521689595E+0001  8.62047555416180E-0001  4.56006521689595E+0001  8.62047555416180E-0001  4.56006521689595E+0001
 4.30073118209839E+0000  8.00324052259571E-0001  6.52829793157329E+0001  8.00324052259571E-0001  6.52829793157329E+0001  8.00324052259571E-0001  6.52829793157329E+0001
 4.71033668518066E+0000  7.85406038830128E-0001  1.14420971881033E+0002  7.85406038830128E-0001  1.14420971881033E+0002  7.85406038830128E-0001  1.14420971881033E+0002
 5.11994171142578E+0000  7.52622022161408E-0001  5.29437655401843E+0001  7.52622022161408E-0001  5.29437655401843E+0001  7.52622022161408E-0001  5.29437655401843E+0001
 5.52954721450806E+0000  7.28502107800256E-0001  5.00464256707731E+0001  7.28502107800256E-0001  5.00464256707731E+0001  7.28502107800256E-0001  5.00464256707731E+0001
 5.93915271759033E+0000  7.00535384655939E-0001  4.07692294337157E+0001  7.00535384655939E-0001  4.07692294337157E+0001  7.00535384655939E-0001  4.07692294337157E+0001
 6.34875774383545E+0000  7.18546935820286E-0001  6.64418980466503E+0001  7.18546935820286E-0001  6.64418980466503E+0001  7.18546935820286E-0001  6.64418980466503E+0001
 6.75836324691772E+0000  7.01577213978982E-0001  4.18901921131880E+0001  7.01577213978982E-0001  4.18901921131880E+0001  7.01577213978982E-0001  4.18901921131880E+0001
 7.16796875000000E+0000  6.78091803860075E-0001  5.11715707523383E+0001  6.78091803860075E-0001  5.11715707523383E+0001  6.78091803860075E-0001  5.11715707523383E+0001
 7.57757377624512E+0000  6.60061682491451E-0001  3.84494479800286E+0001  6.60061682491451E-0001  3.84494479800286E+0001  6.60061682491451E-0001  3.84494479800286E+0001
 7.98717927932739E+0000  6.14205854389850E-0001  4.16140012053852E+0001  6.14205854389850E-0001  4.16140012053852E+0001  6.14205854389850E-0001  4.16140012053852E+0001
 8.60158729553223E+0000  6.16649911742752E-0001  3.09121758856008E+0001  6.16649911742752E-0001  3.09121758856008E+0001  6.16649911742752E-0001  3.09121758856008E+0001
 9.42079830169678E+0000  5.89132400151271E-0001  5.48702462424996E+0001  5.89132400151271E-0001  5.48702462424996E+0001  5.89132400151271E-0001  5.48702462424996E+0001
 1.02400083541870E+0001  5.64519915870256E-0001  8.36993083624829E+0001  5.64519915870256E-0001  8.36993083624829E+0001  5.64519915870256E-0001  8.36993083624829E+0001
 1.10592193603515E+0001  5.50722134074418E-0001  7.88726990201583E+0001  5.50722134074418E-0001  7.88726990201583E+0001  5.50722134074418E-0001  7.88726990201583E+0001
 1.18784303665161E+0001  5.22476359605223E-0001  7.22558831768089E+0001  5.22476359605223E-0001  7.22558831768089E+0001  5.22476359605223E-0001  7.22558831768089E+0001
 1.26976404190063E+0001  5.17552294110652E-0001  6.05644515902052E+0001  5.17552294110652E-0001  6.05644515902052E+0001  5.17552294110652E-0001  6.05644515902052E+0001
 1.35168514251709E+0001  4.96729317208697E-0001  7.89935013106720E+0001  4.96729317208697E-0001  7.89935013106720E+0001  4.96729317208697E-0001  7.89935013106720E+0001
 1.43360624313354E+0001  4.75679705995281E-0001  1.07867542446150E+0002  4.75679705995281E-0001  1.07867542446150E+0002  4.75679705995281E-0001  1.07867542446150E+0002
 1.51552724838256E+0001  4.66634703163095E-0001  5.84230260841037E+0001  4.66634703163095E-0001  5.84230260841037E+0001  4.66634703163095E-0001  5.84230260841037E+0001
 1.59744834899902E+0001  4.49197322583158E-0001  6.59967019975345E+0001  4.49197322583158E-0001  6.59967019975345E+0001  4.49197322583158E-0001  6.59967019975345E+0001
 1.72032985687256E+0001  4.23269219565918E-0001  8.00372705796740E+0001  4.23269219565918E-0001  8.00372705796740E+0001  4.23269219565918E-0001  8.00372705796740E+0001
 1.88417205810547E+0001  4.10336424818756E-0001  6.95950192260988E+0001  4.10336424818756E-0001  6.95950192260988E+0001  4.10336424818756E-0001  6.95950192260988E+0001
 2.04801425933838E+0001  3.91086458118947E-0001  2.45875939711072E+0002  3.91086458118947E-0001  2.45875939711072E+0002  3.91086458118947E-0001  2.45875939711072E+0002
 2.21185626983643E+0001  3.69593062235280E-0001  7.61220761211472E+0001  3.69593062235280E-0001  7.61220761211472E+0001  3.69593062235280E-0001  7.61220761211472E+0001
 2.37569847106934E+0001  3.36568970425376E-0001  8.60659860905755E+0001  3.36568970425376E-0001  8.60659860905755E+0001  3.36568970425376E-0001  8.60659860905755E+0001
 2.53954067230225E+0001  3.20344373239968E-0001  6.92904978394611E+0001  3.20344373239968E-0001  6.92904978394611E+0001  3.20344373239968E-0001  6.92904978394611E+0001
 2.70338268280029E+0001  3.09821411866077E-0001  4.20773564666056E+0001  3.09821411866077E-0001  4.20773564666056E+0001  3.09821411866077E-0001  4.20773564666056E+0001
 2.86722488403320E+0001  2.92640562418905E-0001  3.03629395974816E+0001  2.92640562418905E-0001  3.03629395974816E+0001  2.92640562418905E-0001  3.03629395974816E+0001
 3.03106708526611E+0001  2.63123944143847E-0001  2.70571775150242E+0001  2.63123944143847E-0001  2.70571775150242E+0001  2.63123944143847E-0001  2.70571775150242E+0001
 3.19490909576416E+0001  2.49529028716020E-0001  2.74744590485101E+0001  2.49529028716020E-0001  2.74744590485101E+0001  2.49529028716020E-0001  2.74744590485101E+0001
 3.44067230224609E+0001  2.18236417856337E-0001  2.89111777297141E+0001  2.18236417856337E-0001  2.89111777297141E+0001  2.18236417856337E-0001  2.89111777297141E+0001
 3.76835670471191E+0001  1.94162451670237E-0001  4.36733763888896E+0001  1.94162451670237E-0001  4.36733763888896E+0001  1.94162451670237E-0001  4.36733763888896E+0001
 4.09604110717773E+0001  1.63036486843344E-0001  5.59819547561294E+0001  1.63036486843344E-0001  5.59819547561294E+0001  1.63036486843344E-0001  5.59819547561294E+0001
 4.42372512817383E+0001  1.36953871867460E-0001  4.39970654177041E+0001  1.36953871867460E-0001  4.39970654177041E+0001  1.36953871867460E-0001  4.39970654177041E+0001
 4.75140953063965E+0001  1.22211081454991E-0001  5.62430911983881E+0001  1.22211081454991E-0001  5.62430911983881E+0001  1.22211081454991E-0001  5.62430911983881E+0001
 5.07909393310547E+0001  9.70805837325185E-0002  7.23903618418101E+0001  9.70805837325185E-0002  7.23903618418101E+0001  9.70805837325185E-0002  7.23903618418101E+0001
 5.40677795410156E+0001  8.81019324229674E-0002  6.65266430354480E+0001  8.81019324229674E-0002  6.65266430354480E+0001  8.81019324229674E-0002  6.65266430354480E+0001
 5.73446235656738E+0001  8.78398588041487E-0002  7.61308656358363E+0001  8.78398588041487E-0002  7.61308656358363E+0001  8.78398588041487E-0002  7.61308656358363E+0001
 6.06214675903320E+0001  9.10349269382019E-0002  6.77757191967212E+0001  9.10349269382019E-0002  6.77757191967212E+0001  9.10349269382019E-0002  6.77757191967212E+0001
 6.38983078002930E+0001  8.79471526759572E-0002  3.98854161866419E+0001  8.79471526759572E-0002  3.98854161866419E+0001  8.79471526759572E-0002  3.98854161866419E+0001
 6.88135757446289E+0001  6.21911309118491E-0002  3.38629390628957E+0001  6.21911309118491E-0002  3.38629390628957E+0001  6.21911309118491E-0002  3.38629390628957E+0001
 7.53672561645508E+0001  5.38814971930914E-0002  4.37650275455747E+0001  5.38814971930914E-0002  4.37650275455747E+0001  5.38814971930914E-0002  4.37650275455747E+0001
 8.19209442138672E+0001  5.52493794084222E-0002  3.80993245249010E+0001  5.52493794084222E-0002  3.80993245249010E+0001  5.52493794084222E-0002  3.80993245249010E+0001
 8.84746322631836E+0001  4.16037927037389E-0002  6.33126486554768E+0001  4.16037927037389E-0002  6.33126486554768E+0001  4.16037927037389E-0002  6.33126486554768E+0001
 9.50283126831055E+0001  4.89001834979912E-0002  5.37911223096975E+0001  4.89001834979912E-0002  5.37911223096975E+0001  4.89001834979912E-0002  5.37911223096975E+0001
 1.01582000732421E+0002  4.40098494386449E-0002  4.71430243676304E+0001  4.40098494386449E-0002  4.71430243676304E+0001  4.40098494386449E-0002  4.71430243676304E+0001
 1.08135688781738E+0002  2.74889783385391E-0002  5.36183924730204E+0001  2.74889783385391E-0002  5.36183924730204E+0001  2.74889783385391E-0002  5.36183924730204E+0001
 1.14689369201660E+0002  1.64665658674984E-0002  3.54808800226259E+0001  1.64665658674984E-0002  3.54808800226259E+0001  1.64665658674984E-0002  3.54808800226259E+0001
 1.21243057250976E+0002  8.57105865535317E-0003  5.05691898936663E+0001  8.57105865535317E-0003  5.05691898936663E+0001  8.57105865535317E-0003  5.05691898936663E+0001
 1.27796745300293E+0002  3.63013003651533E-0003  5.74564424871482E+0001  3.63013003651533E-0003  5.74564424871482E+0001  3.63013003651533E-0003  5.74564424871482E+0001
 1.37627273559570E+0002  9.52977209388845E-0003  4.03600066856614E+0001  9.52977209388845E-0003  4.03600066856614E+0001  9.52977209388845E-0003  4.03600066856614E+0001
 1.50734634399414E+0002  7.27870047711286E-0003  5.06410614710132E+0001  7.27870047711286E-0003  5.06410614710132E+0001  7.27870047711286E-0003  5.06410614710132E+0001
 1.63842010498047E+0002 -1.02546630624427E-0002  3.07024929993964E+0001 -1.02546630624427E-0002  3.07024929993964E+0001 -1.02546630624427E-0002  3.07024929993964E+0001
 1.76949386596680E+0002 -3.27167311310915E-0002  3.86305686175788E+0001 -3.27167311310915E-0002  3.86305686175788E+0001 -3.27167311310915E-0002  3.86305686175788E+0001
 1.90056747436523E+0002 -4.65648397963140E-0002  3.10310908404598E+0001 -4.65648397963140E-0002  3.10310908404598E+0001 -4.65648397963140E-0002  3.10310908404598E+0001
 2.03164123535156E+0002 -4.47581778960405E-0002  2.49169002072071E+0001 -4.47581778960405E-0002  2.49169002072071E+0001 -4.47581778960405E-0002  2.49169002072071E+0001
 2.16271499633789E+0002 -2.46506285593813E-0002  4.34335390860111E+0001 -2.46506285593813E-0002  4.34335390860111E+0001 -2.46506285593813E-0002  4.34335390860111E+0001
 2.29378860473633E+0002 -2.32054731374404E-0002  4.91386103745718E+0001 -2.32054731374404E-0002  4.91386103745718E+0001 -2.32054731374404E-0002  4.91386103745718E+0001
 2.42486236572266E+0002 -4.15673101881743E-0002  3.15986789559753E+0001 -4.15673101881743E-0002  3.15986789559753E+0001 -4.15673101881743E-0002  3.15986789559753E+0001
 2.55593612670898E+0002 -4.37901796177393E-0002  2.43143664304236E+0001 -4.37901796177393E-0002  2.43143664304236E+0001 -4.37901796177393E-0002  2.43143664304236E+0001
 2.75254669189453E+0002 -5.05477962711632E-0002  2.37563021606158E+0001 -5.05477962711632E-0002  2.37563021606158E+0001 -5.05477962711632E-0002  2.37563021606158E+0001
 3.01469421386719E+0002 -7.07743649209885E-0002  6.38078804213473E+0001 -7.07743649209885E-0002  6.38078804213473E+0001 -7.07743649209885E-0002  6.38078804213473E+0001
 3.27684143066406E+0002 -6.09698955031579E-0002  8.84538111491986E+0001 -6.09698955031579E-0002  8.84538111491986E+0001 -6.09698955031579E-0002  8.84538111491986E+0001
 3.53898895263672E+0002 -7.43935638345206E-0002  8.66342287034992E+0001 -7.43935638345206E-0002  8.66342287034992E+0001 -7.43935638345206E-0002  8.66342287034992E+0001
 3.80113647460938E+0002 -5.62584808677542E-0002  2.37658030410063E+0001 -5.62584808677542E-0002  2.37658030410063E+0001 -5.62584808677542E-0002  2.37658030410063E+0001
 4.06328369140625E+0002 -6.41476887883309E-0002  2.95301273914079E+0001 -6.41476887883309E-0002  2.95301273914079E+0001 -6.41476887883309E-0002  2.95301273914079E+0001
 4.32543121337891E+0002 -5.44462968438022E-0002  2.56205783798823E+0001 -5.44462968438022E-0002  2.56205783798823E+0001 -5.44462968438022E-0002  2.56205783798823E+0001
 4.58757873535156E+0002 -3.83358217992385E-0002  2.50485802003680E+0001 -3.83358217992385E-0002  2.50485802003680E+0001 -3.83358217992385E-0002  2.50485802003680E+0001
 4.84972595214844E+0002 -5.05433485430952E-0002  4.95205223588606E+0001 -5.05433485430952E-0002  4.95205223588606E+0001 -5.05433485430952E-0002  4.95205223588606E+0001
 5.11187347412109E+0002 -5.71360194561297E-0002  4.03059852291179E+0001 -5.71360194561297E-0002  4.03059852291179E+0001 -5.71360194561297E-0002  4.03059852291179E+0001
 5.50509460449219E+0002 -4.65430779417170E-0002  4.88541423152457E+0001 -4.65430779417170E-0002  4.88541423152457E+0001 -4.65430779417170E-0002  4.88541423152457E+0001
 6.02938964843750E+0002 -3.23744291864481E-0002  6.07698129871659E+0001 -3.23744291864481E-0002  6.07698129871659E+0001 -3.23744291864481E-0002  6.07698129871659E+0001
 6.55368408203125E+0002 -1.38375683199450E-0002  4.22727459025644E+0001 -1.38375683199450E-0002  4.22727459025644E+0001 -1.38375683199450E-0002  4.22727459025644E+0001
 7.07797912597656E+0002 -2.95341128612670E-0002  7.78945378441737E+0001 -2.95341128612670E-0002  7.78945378441737E+0001 -2.95341128612670E-0002  7.78945378441737E+0001
 7.60227416992188E+0002 -7.96012526253633E-0003  3.52068866596563E+0001 -7.96012526253633E-0003  3.52068866596563E+0001 -7.96012526253633E-0003  3.52068866596563E+0001
 8.12656860351563E+0002 -7.28450924885033E-0003  2.25482595674633E+0001 -7.28450924885033E-0003  2.25482595674633E+0001 -7.28450924885033E-0003  2.25482595674633E+0001
 8.65086364746094E+0002 -3.00489724026500E-0002  4.25950957792237E+0001 -3.00489724026500E-0002  4.25950957792237E+0001 -3.00489724026500E-0002  4.25950957792237E+0001
 9.17515869140625E+0002 -2.21963909474825E-0002  6.29300019028712E+0001 -2.21963909474825E-0002  6.29300019028712E+0001 -2.21963909474825E-0002  6.29300019028712E+0001
 9.69945312500000E+0002 -4.91282119417998E-0003  5.24791377606555E+0001 -4.91282119417998E-0003  5.24791377606555E+0001 -4.91282119417998E-0003  5.24791377606555E+0001
 1.02237481689453E+0003 -7.07597476031536E-0002  4.16393214789803E+0001 -7.07597476031536E-0002  4.16393214789803E+0001 -7.07597476031536E-0002  4.16393214789803E+0001
 1.10101904296875E+0003 -4.75453933451328E-0002  2.02861385137211E+0001 -4.75453933451328E-0002  2.02861385137211E+0001 -4.75453933451328E-0002  2.02861385137211E+0001
 1.20587805175781E+0003 -3.73951044207990E-0002  2.71338391768627E+0001 -3.73951044207990E-0002  2.71338391768627E+0001 -3.73951044207990E-0002  2.71338391768627E+0001
 1.31073693847656E+0003 -6.24559959757406E-0002  3.64229107769910E+0001 -6.24559959757406E-0002  3.64229107769910E+0001 -6.24559959757406E-0002  3.64229107769910E+0001
 1.41559594726563E+0003 -2.43283801212158E-0002  4.26578218556462E+0001 -2.43283801212158E-0002  4.26578218556462E+0001 -2.43283801212158E-0002  4.26578218556462E+0001
 1.52045495605469E+0003  3.20424210049977E-0002  3.70215237983495E+0001  3.20424210049977E-0002  3.70215237983495E+0001  3.20424210049977E-0002  3.70215237983495E+0001
 1.62531384277344E+0003  1.15573111071340E-0002  2.88957623284783E+0001  1.15573111071340E-0002  2.88957623284783E+0001  1.15573111071340E-0002  2.88957623284783E+0001
 1.73017285156250E+0003  7.77744552417942E-0004  4.71005654070903E+0001  7.77744552417942E-0004  4.71005654070903E+0001  7.77744552417942E-0004  4.71005654070903E+0001
 1.83503186035156E+0003  3.61080161261654E-0002  2.94748806052505E+0002  3.61080161261654E-0002  2.94748806052505E+0002  3.61080161261654E-0002  2.94748806052505E+0002
 1.93989074707031E+0003 -5.62855066854145E-0003  5.17616889543678E+0001 -5.62855066854145E-0003  5.17616889543678E+0001 -5.62855066854145E-0003  5.17616889543678E+0001
 2.04474975585938E+0003 -9.57109610102360E-0003  2.22493160017684E+0001 -9.57109610102360E-0003  2.22493160017684E+0001 -9.57109610102360E-0003  2.22493160017684E+0001
 2.20203808593750E+0003 -2.14325622379266E-0003  4.22942935067417E+0001 -2.14325622379266E-0003  4.22942935067417E+0001 -2.14325622379266E-0003  4.22942935067417E+0001
 2.41175610351563E+0003  1.50763388756348E-0002  6.60335579349519E+0001  1.50763388756348E-0002  6.60335579349519E+0001  1.50763388756348E-0002  6.60335579349519E+0001
 2.62147412109375E+0003 -7.16681525747827E-0002  3.22655230248385E+0001 -7.16681525747827E-0002  3.22655230248385E+0001 -7.16681525747827E-0002  3.22655230248385E+0001
 2.83119189453125E+0003 -3.56590948475256E-0002  2.26728590639183E+0001 -3.56590948475256E-0002  2.26728590639183E+0001 -3.56590948475256E-0002  2.26728590639183E+0001
 3.04090991210938E+0003 -4.51043837703128E-0002  2.04771521824380E+0001 -4.51043837703128E-0002  2.04771521824380E+0001 -4.51043837703128E-0002  2.04771521824380E+0001
 3.25062792968750E+0003 -1.51267642949057E-0002  4.92184315166191E+0001 -1.51267642949057E-0002  4.92184315166191E+0001 -1.51267642949057E-0002  4.92184315166191E+0001
 3.46034570312500E+0003 -1.84669612559039E-0002  5.81412741644672E+0001 -1.84669612559039E-0002  5.81412741644672E+0001 -1.84669612559039E-0002  5.81412741644672E+0001
 3.67006372070313E+0003 -1.14798248435191E-0002  4.27024475734987E+0001 -1.14798248435191E-0002  4.27024475734987E+0001 -1.14798248435191E-0002  4.27024475734987E+0001
 3.87978173828125E+0003  1.67489221488616E-0002  5.35639692487025E+0001  1.67489221488616E-0002  5.35639692487025E+0001  1.67489221488616E-0002  5.35639692487025E+0001
 4.08949951171875E+0003  5.61676925008095E-0002  3.59169535366560E+0001  5.61676925008095E-0002  3.59169535366560E+0001  5.61676925008095E-0002  3.59169535366560E+0001
 4.40407666015625E+0003  7.55881352837782E-0003  2.65695593902700E+0001  7.55881352837782E-0003  2.65695593902700E+0001  7.55881352837782E-0003  2.65695593902700E+0001
 4.82351220703125E+0003 -4.30662360709261E-0004  2.57942076012160E+0001 -4.30662360709261E-0004  2.57942076012160E+0001 -4.30662360709261E-0004  2.57942076012160E+0001
 5.24294824218750E+0003 -1.60543928883032E-0002  2.84224944078801E+0001 -1.60543928883032E-0002  2.84224944078801E+0001 -1.60543928883032E-0002  2.84224944078801E+0001
 5.66238427734375E+0003  5.30725504372356E-0002  1.23530059684971E+0001  5.30725504372356E-0002  1.23530059684971E+0001  5.30725504372356E-0002  1.23530059684971E+0001
 6.08181982421875E+0003 -4.19457744459809E-0003  6.24942470093705E+0000 -4.19457744459809E-0003  6.24942470093705E+0000 -4.19457744459809E-0003  6.24942470093705E+0000
 6.50125585937500E+0003  5.12652046533986E-0001  1.82858623771288E+0000  5.12652046533986E-0001  1.82858623771288E+0000  5.12652046533986E-0001  1.82858623771288E+0000
 6.92069189453125E+0003 -6.26395429788204E-0002  2.00629623745767E+0000 -6.26395429788204E-0002  2.00629623745767E+0000 -6.26395429788204E-0002  2.00629623745767E+0000
 7.34012744140625E+0003 -4.44181649944571E-0001  2.63523700969950E+0000 -4.44181649944571E-0001  2.63523700969950E+0000 -4.44181649944571E-0001  2.63523700969950E+0000
 7.75956347656250E+0003 -7.54848321426344E-0001  3.83978751696994E+0000 -7.54848321426344E-0001  3.83978751696994E+0000 -7.54848321426344E-0001  3.83978751696994E+0000
 8.17899951171875E+0003 -1.00000000000000E+0000  1.95931407943595E+0001 -1.00000000000000E+0000  1.95931407943595E+0001 -1.00000000000000E+0000  1.95931407943595E+0001
