 Corr.Time[ms]           Correlation(1->2+2->1)  Weighting(1->2+2->1)    Correlation(1->2)       Weighting(1->2)         Correlation(2->1)       Weighting(2->1)
 1.42502412199974E-0003  1.65304742903736E+0000  4.58642367105208E-0001  1.65304742903736E+0000  4.58642367105208E-0001  1.65304742903736E+0000  4.58642367105208E-0001
 1.52502581477165E-0003  1.65304747508723E+0000  4.58642359458512E-0001  1.65304747508723E+0000  4.58642359458512E-0001  1.65304747508723E+0000  4.58642359458512E-0001
 1.62502750754356E-0003  1.60221488822146E+0000  3.81757280746641E-0001  1.60221488822146E+0000  3.81757280746641E-0001  1.60221488822146E+0000  3.81757280746641E-0001
 1.72502920031548E-0003  4.29939264658799E+0000  2.82748240363816E-0001  4.29939264658799E+0000  2.82748240363816E-0001  4.29939264658799E+0000  2.82748240363816E-0001
 1.82503089308739E-0003  1.60221498040031E+0000  3.81757267288147E-0001  1.60221498040031E+0000  3.81757267288147E-0001  1.60221498040031E+0000  3.81757267288147E-0001
 1.97503343224525E-0003  1.65304770533660E+0000  4.58642321225030E-0001  1.65304770533660E+0000  4.58642321225030E-0001  1.65304770533660E+0000  4.58642321225030E-0001
 2.17503681778908E-0003  3.29316361279655E-0001  6.94618836251905E-0001  3.29316361279655E-0001  6.94618836251905E-0001  3.29316361279655E-0001  6.94618836251905E-0001
 2.37504020333290E-0003  2.94801181168856E+0000  7.11932197242929E-0001  2.94801181168856E+0000  7.11932197242929E-0001  2.94801181168856E+0000  7.11932197242929E-0001
 2.57504358887672E-0003  2.97007702246238E+0000  3.27771284396096E-0001  2.97007702246238E+0000  3.27771284396096E-0001  2.97007702246238E+0000  3.27771284396096E-0001
 2.77504697442055E-0003 -1.00000000000000E+0000  1.02158468623139E+0001 -1.00000000000000E+0000  1.02158468623139E+0001 -1.00000000000000E+0000  1.02158468623139E+0001
 2.97505035996437E-0003  2.95694839513371E+0000  7.30219791117905E-0001  2.95694839513371E+0000  7.30219791117905E-0001  2.95694839513371E+0000  7.30219791117905E-0001
 3.17505374550819E-0003  4.20443125130493E+0000  1.91302456154824E-0001  4.20443125130493E+0000  1.91302456154824E-0001  4.20443125130493E+0000  1.91302456154824E-0001
 3.37505713105202E-0003 -1.00000000000000E+0000  1.02158468623139E+0001 -1.00000000000000E+0000  1.02158468623139E+0001 -1.00000000000000E+0000  1.02158468623139E+0001
 3.57506051659584E-0003  3.29316683628898E-0001  6.94618665822693E-0001  3.29316683628898E-0001  6.94618665822693E-0001  3.29316683628898E-0001  6.94618665822693E-0001
 3.77506390213966E-0003  1.62763221821193E+0000  6.88469340628301E-0001  1.62763221821193E+0000  6.88469340628301E-0001  1.62763221821193E+0000  6.88469340628301E-0001
 4.07506898045540E-0003  2.31463527634358E+0000  7.56110836433367E-0001  2.31463527634358E+0000  7.56110836433367E-0001  2.31463527634358E+0000  7.56110836433367E-0001
 4.47507575154305E-0003 -3.49445932273765E-0001  1.49649573225346E+0000 -3.49445932273765E-0001  1.49649573225346E+0000 -3.49445932273765E-0001  1.49649573225346E+0000
 4.87508252263069E-0003  2.96518985073759E+0000  1.09157519081562E+0000  2.96518985073759E+0000  1.09157519081562E+0000  2.96518985073759E+0000  1.09157519081562E+0000
 5.27508929371834E-0003  2.29368773564689E+0000  7.20143221398029E-0001  2.29368773564689E+0000  7.20143221398029E-0001  2.29368773564689E+0000  7.20143221398029E-0001
 5.67509606480598E-0003  2.29438810276237E+0000  4.78503184574115E-0001  2.29438810276237E+0000  4.78503184574115E-0001  2.29438810276237E+0000  4.78503184574115E-0001
 6.07510283589363E-0003  3.27921050997170E-0001  1.27607124633077E+0000  3.27921050997170E-0001  1.27607124633077E+0000  3.27921050997170E-0001  1.27607124633077E+0000
 6.47510960698128E-0003  9.86715514981797E-0001  8.94374133457192E-0001  9.86715514981797E-0001  8.94374133457192E-0001  9.86715514981797E-0001  8.94374133457192E-0001
 6.87511637806892E-0003  1.62456183973949E+0000  9.13021181009446E-0001  1.62456183973949E+0000  9.13021181009446E-0001  1.62456183973949E+0000  9.13021181009446E-0001
 7.27512314915657E-0003 -3.39809304655509E-0001  1.32539537023031E+0000 -3.39809304655509E-0001  1.32539537023031E+0000 -3.39809304655509E-0001  1.32539537023031E+0000
 7.67512992024422E-0003  9.88112160830840E-0001  1.43430983522000E+0000  9.88112160830840E-0001  1.43430983522000E+0000  9.88112160830840E-0001  1.43430983522000E+0000
 8.27514007687569E-0003 -1.07619338909826E-0002  2.57218959769642E+0000 -1.07619338909826E-0002  2.57218959769642E+0000 -1.07619338909826E-0002  2.57218959769642E+0000
 9.07515361905098E-0003  2.97433943219546E+0000  6.29048971999399E-0001  2.97433943219546E+0000  6.29048971999399E-0001  2.97433943219546E+0000  6.29048971999399E-0001
 9.87516716122627E-0003  2.30556084641992E+0000  7.69243193067386E-0001  2.30556084641992E+0000  7.69243193067386E-0001  2.30556084641992E+0000  7.69243193067386E-0001
 1.06751807034015E-0002  3.24989998762225E-0001  1.24225317363388E+0000  3.24989998762225E-0001  1.24225317363388E+0000  3.24989998762225E-0001  1.24225317363388E+0000
 1.14751942455768E-0002  1.64125255080553E+0000  8.41081558920807E-0001  1.64125255080553E+0000  8.41081558920807E-0001  1.64125255080553E+0000  8.41081558920807E-0001
 1.22752077877521E-0002  1.63713288254812E+0000  1.40629510060619E+0000  1.63713288254812E+0000  1.40629510060619E+0000  1.63713288254812E+0000  1.40629510060619E+0000
 1.30752213299274E-0002  2.60814772119482E+0000  7.03221825624943E-0001  2.60814772119482E+0000  7.03221825624943E-0001  2.60814772119482E+0000  7.03221825624943E-0001
 1.38752348721027E-0002  6.58018632431119E-0001  1.62029376516831E+0000  6.58018632431119E-0001  1.62029376516831E+0000  6.58018632431119E-0001  1.62029376516831E+0000
 1.46752484142780E-0002 -3.37574387357117E-0001  2.68480617134874E+0000 -3.37574387357117E-0001  2.68480617134874E+0000 -3.37574387357117E-0001  2.68480617134874E+0000
 1.54752619564533E-0002 -3.37574295217379E-0001  2.68480572179464E+0000 -3.37574295217379E-0001  2.68480572179464E+0000 -3.37574295217379E-0001  2.68480572179464E+0000
 1.66752822697163E-0002  6.54842514424689E-0001  2.21491376867143E+0000  6.54842514424689E-0001  2.21491376867143E+0000  6.54842514424689E-0001  2.21491376867143E+0000
 1.82753093540668E-0002  1.14558775156523E+0000  3.40463961578710E+0000  1.14558775156523E+0000  3.40463961578710E+0000  1.14558775156523E+0000  3.40463961578710E+0000
 1.98753364384174E-0002  6.53377357185078E-0001  2.57449605705735E+0000  6.53377357185078E-0001  2.57449605705735E+0000  6.53377357185078E-0001  2.57449605705735E+0000
 2.14753635227680E-0002  3.20104578466725E-0001  3.98778916965032E+0000  3.20104578466725E-0001  3.98778916965032E+0000  3.20104578466725E-0001  3.98778916965032E+0000
 2.30753906071186E-0002  9.82182515348337E-0001  4.39222053061716E+0000  9.82182515348337E-0001  4.39222053061716E+0000  9.82182515348337E-0001  4.39222053061716E+0000
 2.46754176914692E-0002  8.17832991444519E-0001  1.78772822437193E+0000  8.17832991444519E-0001  1.78772822437193E+0000  8.17832991444519E-0001  1.78772822437193E+0000
 2.62754447758198E-0002  6.49853103077606E-0001  2.52454852476082E+0000  6.49853103077606E-0001  2.52454852476082E+0000  6.49853103077606E-0001  2.52454852476082E+0000
 2.78754718601704E-0002  1.46416662562330E+0000  1.32927808838461E+0000  1.46416662562330E+0000  1.32927808838461E+0000  1.46416662562330E+0000  1.32927808838461E+0000
 2.94754989445210E-0002  1.14018086382658E+0000  1.90445054850968E+0000  1.14018086382658E+0000  1.90445054850968E+0000  1.14018086382658E+0000  1.90445054850968E+0000
 3.10755260288715E-0002  1.80208491707792E+0000  4.65455498806311E+0000  1.80208491707792E+0000  4.65455498806311E+0000  1.80208491707792E+0000  4.65455498806311E+0000
 3.34755666553974E-0002  3.17751044786264E-0001  7.59776211353833E+0000  3.17751044786264E-0001  7.59776211353833E+0000  3.17751044786264E-0001  7.59776211353833E+0000
 3.66756208240986E-0002  1.80907039595224E+0000  1.01020127989259E+0000  1.80907039595224E+0000  1.01020127989259E+0000  1.80907039595224E+0000  1.01020127989259E+0000
 3.98756749927998E-0002  1.06097737414867E+0000  3.22910525790211E+0000  1.06097737414867E+0000  3.22910525790211E+0000  1.06097737414867E+0000  3.22910525790211E+0000
 4.30757291615009E-0002  1.14353782198099E+0000  2.28262625073392E+0000  1.14353782198099E+0000  2.28262625073392E+0000  1.14353782198099E+0000  2.28262625073392E+0000
 4.62757833302021E-0002  7.25645453095680E-0001  1.68825045873987E+0000  7.25645453095680E-0001  1.68825045873987E+0000  7.25645453095680E-0001  1.68825045873987E+0000
 4.94758374989033E-0002  1.63954197985791E+0000  3.30206673825744E+0000  1.63954197985791E+0000  3.30206673825744E+0000  1.63954197985791E+0000  3.30206673825744E+0000
 5.26758916676044E-0002  8.96875450378554E-0001  6.23830741266859E+0000  8.96875450378554E-0001  6.23830741266859E+0000  8.96875450378554E-0001  6.23830741266859E+0000
 5.58759458363056E-0002  5.71474500463478E-0001  1.79656252332973E+0000  5.71474500463478E-0001  1.79656252332973E+0000  5.71474500463478E-0001  1.79656252332973E+0000
 5.90760000050068E-0002  1.30627095187584E+0000  4.17129062445948E+0000  1.30627095187584E+0000  4.17129062445948E+0000  1.30627095187584E+0000  4.17129062445948E+0000
 6.22760541737080E-0002  1.22606915031498E+0000  2.42951951166923E+0000  1.22606915031498E+0000  2.42951951166923E+0000  1.22606915031498E+0000  2.42951951166923E+0000
 6.70761391520500E-0002  7.72735953096658E-0001  6.23383463700359E+0000  7.72735953096658E-0001  6.23383463700359E+0000  7.72735953096658E-0001  6.23383463700359E+0000
 7.34762474894524E-0002  9.39908331911066E-0001  4.97390930023638E+0000  9.39908331911066E-0001  4.97390930023638E+0000  9.39908331911066E-0001  4.97390930023638E+0000
 7.98763558268547E-0002  4.44787494922914E-0001  6.62200756595486E+0000  4.44787494922914E-0001  6.62200756595486E+0000  4.44787494922914E-0001  6.62200756595486E+0000
 8.62764641642570E-0002  7.74697188900525E-0001  2.41560541580257E+0000  7.74697188900525E-0001  2.41560541580257E+0000  7.74697188900525E-0001  2.41560541580257E+0000
 9.26765725016594E-0002  1.18701891292586E+0000  2.82523570736986E+0000  1.18701891292586E+0000  2.82523570736986E+0000  1.18701891292586E+0000  2.82523570736986E+0000
 9.90766808390617E-0002  9.79486349444355E-0001  4.29167122765018E+0000  9.79486349444355E-0001  4.29167122765018E+0000  9.79486349444355E-0001  4.29167122765018E+0000
 1.05476789176464E-0001  1.30631685543807E+0000  1.78921413303995E+0000  1.30631685543807E+0000  1.78921413303995E+0000  1.30631685543807E+0000  1.78921413303995E+0000
 1.11876897513866E-0001  7.33738880496639E-0001  4.19066435953494E+0000  7.33738880496639E-0001  4.19066435953494E+0000  7.33738880496639E-0001  4.19066435953494E+0000
 1.18277005851268E-0001  1.26297295932400E+0000  3.02377021644901E+0000  1.26297295932400E+0000  3.02377021644901E+0000  1.26297295932400E+0000  3.02377021644901E+0000
 1.24677114188671E-0001  8.12724765792830E-0001  7.91201068433085E+0000  8.12724765792830E-0001  7.91201068433085E+0000  8.12724765792830E-0001  7.91201068433085E+0000
 1.34277269244194E-0001  1.02018223457399E+0000  3.38728608779683E+0000  1.02018223457399E+0000  3.38728608779683E+0000  1.02018223457399E+0000  3.38728608779683E+0000
 1.47077485918999E-0001  8.76386085206775E-0001  7.58637092182655E+0000  8.76386085206775E-0001  7.58637092182655E+0000  8.76386085206775E-0001  7.58637092182655E+0000
 1.59877702593803E-0001  7.94331086573483E-0001  6.29119560350696E+0000  7.94331086573483E-0001  6.29119560350696E+0000  7.94331086573483E-0001  6.29119560350696E+0000
 1.72677919268608E-0001  1.03925188124014E+0000  4.98679537420873E+0000  1.03925188124014E+0000  4.98679537420873E+0000  1.03925188124014E+0000  4.98679537420873E+0000
 1.85478135943413E-0001  8.76778202906182E-0001  5.24637503121758E+0000  8.76778202906182E-0001  5.24637503121758E+0000  8.76778202906182E-0001  5.24637503121758E+0000
 1.98278352618217E-0001  8.15323986693295E-0001  4.94004250684483E+0000  8.15323986693295E-0001  4.94004250684483E+0000  8.15323986693295E-0001  4.94004250684483E+0000
 2.11078569293022E-0001  8.95620355358422E-0001  1.33887281952537E+0001  8.95620355358422E-0001  1.33887281952537E+0001  8.95620355358422E-0001  1.33887281952537E+0001
 2.23878785967827E-0001  6.90664294497133E-0001  1.17679576021899E+0001  6.90664294497133E-0001  1.17679576021899E+0001  6.90664294497133E-0001  1.17679576021899E+0001
 2.36679002642632E-0001  7.73553220083842E-0001  4.22905071299137E+0000  7.73553220083842E-0001  4.22905071299137E+0000  7.73553220083842E-0001  4.22905071299137E+0000
 2.49479219317436E-0001  9.77606270037685E-0001  4.11181544117508E+0000  9.77606270037685E-0001  4.11181544117508E+0000  9.77606270037685E-0001  4.11181544117508E+0000
 2.68679559230804E-0001  7.08793315885540E-0001  5.68543664203951E+0000  7.08793315885540E-0001  5.68543664203951E+0000  7.08793315885540E-0001  5.68543664203951E+0000
 2.94279992580414E-0001  8.03879553141681E-0001  5.94947184934319E+0000  8.03879553141681E-0001  5.94947184934319E+0000  8.03879553141681E-0001  5.94947184934319E+0000
 3.19880425930023E-0001  6.90618194382000E-0001  3.21783479650032E+0001  6.90618194382000E-0001  3.21783479650032E+0001  6.90618194382000E-0001  3.21783479650032E+0001
 3.45480859279633E-0001  9.36968614507289E-0001  5.04996474250421E+0000  9.36968614507289E-0001  5.04996474250421E+0000  9.36968614507289E-0001  5.04996474250421E+0000
 3.71081292629242E-0001  5.96723167421582E-0001  8.81949937420433E+0000  5.96723167421582E-0001  8.81949937420433E+0000  5.96723167421582E-0001  8.81949937420433E+0000
 3.96681725978851E-0001  7.41918526325322E-0001  8.06729725059492E+0000  7.41918526325322E-0001  8.06729725059492E+0000  7.41918526325322E-0001  8.06729725059492E+0000
 4.22282159328461E-0001  9.70312764673116E-0001  4.16844780632713E+0000  9.70312764673116E-0001  4.16844780632713E+0000  9.70312764673116E-0001  4.16844780632713E+0000
 4.47882592678070E-0001  9.18271255640753E-0001  3.41635425616279E+0000  9.18271255640753E-0001  3.41635425616279E+0000  9.18271255640753E-0001  3.41635425616279E+0000
 4.73483026027679E-0001  8.45903867292586E-0001  8.54496766389240E+0000  8.45903867292586E-0001  8.54496766389240E+0000  8.45903867292586E-0001  8.54496766389240E+0000
 4.99083459377289E-0001  9.05709201675831E-0001  5.75172438035920E+0000  9.05709201675831E-0001  5.75172438035920E+0000  9.05709201675831E-0001  5.75172438035920E+0000
 5.37484109401703E-0001  7.10749713899999E-0001  7.20082824420413E+0000  7.10749713899999E-0001  7.20082824420413E+0000  7.10749713899999E-0001  7.20082824420413E+0000
 5.88684976100922E-0001  6.50609053587586E-0001  5.98062935593545E+0000  6.50609053587586E-0001  5.98062935593545E+0000  6.50609053587586E-0001  5.98062935593545E+0000
 6.39885842800140E-0001  7.21975207576857E-0001  7.98508866064938E+0000  7.21975207576857E-0001  7.98508866064938E+0000  7.21975207576857E-0001  7.98508866064938E+0000
 6.91086709499359E-0001  7.68855693335916E-0001  5.44860042911330E+0000  7.68855693335916E-0001  5.44860042911330E+0000  7.68855693335916E-0001  5.44860042911330E+0000
 7.42287576198578E-0001  6.44123517541258E-0001  5.08725975778971E+0000  6.44123517541258E-0001  5.08725975778971E+0000  6.44123517541258E-0001  5.08725975778971E+0000
 7.93488442897797E-0001  6.69866126946015E-0001  9.85911281983175E+0000  6.69866126946015E-0001  9.85911281983175E+0000  6.69866126946015E-0001  9.85911281983175E+0000
 8.44689309597015E-0001  6.38983389417581E-0001  1.08602519705858E+0001  6.38983389417581E-0001  1.08602519705858E+0001  6.38983389417581E-0001  1.08602519705858E+0001
 8.95890176296234E-0001  7.87775792861435E-0001  7.01288268769352E+0000  7.87775792861435E-0001  7.01288268769352E+0000  7.87775792861435E-0001  7.01288268769352E+0000
 9.47091042995453E-0001  7.41644834659600E-0001  5.16746695502568E+0000  7.41644834659600E-0001  5.16746695502568E+0000  7.41644834659600E-0001  5.16746695502568E+0000
 9.98291909694672E-0001  5.60803203396569E-0001  6.62970413809440E+0000  5.60803203396569E-0001  6.62970413809440E+0000  5.60803203396569E-0001  6.62970413809440E+0000
 1.07509315013885E+0000  5.82063438988734E-0001  6.59513844303440E+0000  5.82063438988734E-0001  6.59513844303440E+0000  5.82063438988734E-0001  6.59513844303440E+0000
 1.17749500274658E+0000  6.72377347596162E-0001  8.36842124990014E+0000  6.72377347596162E-0001  8.36842124990014E+0000  6.72377347596162E-0001  8.36842124990014E+0000
 1.27989673614502E+0000  5.63898995284760E-0001  1.98838585982695E+0001  5.63898995284760E-0001  1.98838585982695E+0001  5.63898995284760E-0001  1.98838585982695E+0001
 1.38229846954346E+0000  6.51633632213128E-0001  7.77286553071765E+0000  6.51633632213128E-0001  7.77286553071765E+0000  6.51633632213128E-0001  7.77286553071765E+0000
 1.48470020294189E+0000  6.10544663038067E-0001  8.54464734279149E+0000  6.10544663038067E-0001  8.54464734279149E+0000  6.10544663038067E-0001  8.54464734279149E+0000
 1.58710193634033E+0000  3.88457092103230E-0001  1.19557081891960E+0001  3.88457092103230E-0001  1.19557081891960E+0001  3.88457092103230E-0001  1.19557081891960E+0001
 1.68950366973877E+0000  5.13020252711060E-0001  5.94998868806769E+0000  5.13020252711060E-0001  5.94998868806769E+0000  5.13020252711060E-0001  5.94998868806769E+0000
 1.79190540313721E+0000  5.46487817414352E-0001  1.82222290302769E+0001  5.46487817414352E-0001  1.82222290302769E+0001  5.46487817414352E-0001  1.82222290302769E+0001
 1.89430713653564E+0000  5.89792885402671E-0001  7.32352309080537E+0000  5.89792885402671E-0001  7.32352309080537E+0000  5.89792885402671E-0001  7.32352309080537E+0000
 1.99670886993408E+0000  4.74628296317958E-0001  6.52067888980891E+0000  4.74628296317958E-0001  6.52067888980891E+0000  4.74628296317958E-0001  6.52067888980891E+0000
 2.15031147003174E+0000  4.72913526600860E-0001  6.26708656521442E+0000  4.72913526600860E-0001  6.26708656521442E+0000  4.72913526600860E-0001  6.26708656521442E+0000
 2.35511493682861E+0000  4.74022968285045E-0001  9.98927538315787E+0000  4.74022968285045E-0001  9.98927538315787E+0000  4.74022968285045E-0001  9.98927538315787E+0000
 2.55991840362549E+0000  3.65778233943195E-0001  1.33809610776063E+0001  3.65778233943195E-0001  1.33809610776063E+0001  3.65778233943195E-0001  1.33809610776063E+0001
 2.76472187042236E+0000  4.50334857153874E-0001  8.51419215766528E+0000  4.50334857153874E-0001  8.51419215766528E+0000  4.50334857153874E-0001  8.51419215766528E+0000
 2.96952533721924E+0000  3.48368242410958E-0001  9.75441236295252E+0000  3.48368242410958E-0001  9.75441236295252E+0000  3.48368242410958E-0001  9.75441236295252E+0000
 3.17432880401611E+0000  3.59597302508520E-0001  2.25588505691151E+0001  3.59597302508520E-0001  2.25588505691151E+0001  3.59597302508520E-0001  2.25588505691151E+0001
 3.37913227081299E+0000  2.94081979342622E-0001  1.54275168420849E+0001  2.94081979342622E-0001  1.54275168420849E+0001  2.94081979342622E-0001  1.54275168420849E+0001
 3.58393573760986E+0000  2.92060289464037E-0001  9.94712224767980E+0000  2.92060289464037E-0001  9.94712224767980E+0000  2.92060289464037E-0001  9.94712224767980E+0000
 3.78873920440674E+0000  3.25674937901129E-0001  2.12066799640770E+0001  3.25674937901129E-0001  2.12066799640770E+0001  3.25674937901129E-0001  2.12066799640770E+0001
 3.99354267120361E+0000  2.95770373459974E-0001  2.36844468257580E+0001  2.95770373459974E-0001  2.36844468257580E+0001  2.95770373459974E-0001  2.36844468257580E+0001
 4.30074787139893E+0000  2.89700360829979E-0001  1.00193913209436E+0001  2.89700360829979E-0001  1.00193913209436E+0001  2.89700360829979E-0001  1.00193913209436E+0001
 4.71035480499268E+0000  2.40045752747890E-0001  1.07392274939638E+0001  2.40045752747890E-0001  1.07392274939638E+0001  2.40045752747890E-0001  1.07392274939638E+0001
 5.11996173858643E+0000  2.23114660940739E-0001  9.66963719763827E+0000  2.23114660940739E-0001  9.66963719763827E+0000  2.23114660940739E-0001  9.66963719763827E+0000
 5.52956867218018E+0000  1.72529293015527E-0001  9.91631114665863E+0000  1.72529293015527E-0001  9.91631114665863E+0000  1.72529293015527E-0001  9.91631114665863E+0000
 5.93917560577393E+0000  1.29951213709533E-0001  1.60801866895146E+0001  1.29951213709533E-0001  1.60801866895146E+0001  1.29951213709533E-0001  1.60801866895146E+0001
 6.34878253936768E+0000  1.71273375391325E-0001  2.06023130260440E+0001  1.71273375391325E-0001  2.06023130260440E+0001  1.71273375391325E-0001  2.06023130260440E+0001
 6.75838947296143E+0000  1.54154722030097E-0001  1.35062649324238E+0001  1.54154722030097E-0001  1.35062649324238E+0001  1.54154722030097E-0001  1.35062649324238E+0001
 7.16799640655518E+0000  1.06362897648621E-0001  8.74005737074473E+0000  1.06362897648621E-0001  8.74005737074473E+0000  1.06362897648621E-0001  8.74005737074473E+0000
 7.57760334014893E+0000  1.17525136985012E-0001  1.65478998062502E+0001  1.17525136985012E-0001  1.65478998062502E+0001  1.17525136985012E-0001  1.65478998062502E+0001
 7.98721027374268E+0000  1.19777451975838E-0001  1.36605655432910E+0001  1.19777451975838E-0001  1.36605655432910E+0001  1.19777451975838E-0001  1.36605655432910E+0001
 8.60162067413330E+0000  5.36100929660913E-0002  1.90258068042654E+0001  5.36100929660913E-0002  1.90258068042654E+0001  5.36100929660913E-0002  1.90258068042654E+0001
 9.42083454132080E+0000  3.51891338959894E-0002  1.64259836732298E+0001  3.51891338959894E-0002  1.64259836732298E+0001  3.51891338959894E-0002  1.64259836732298E+0001
 1.02400484085083E+0001  6.08181951226858E-0002  2.05777646705197E+0001  6.08181951226858E-0002  2.05777646705197E+0001  6.08181951226858E-0002  2.05777646705197E+0001
 1.10592622756958E+0001  5.68829340682679E-0002  2.28200289671933E+0001  5.68829340682679E-0002  2.28200289671933E+0001  5.68829340682679E-0002  2.28200289671933E+0001
 1.18784761428833E+0001  5.41120823120087E-0002  4.04296582895994E+0001  5.41120823120087E-0002  4.04296582895994E+0001  5.41120823120087E-0002  4.04296582895994E+0001
 1.26976900100708E+0001  6.53165132705188E-0002  2.85269045151069E+0001  6.53165132705188E-0002  2.85269045151069E+0001  6.53165132705188E-0002  2.85269045151069E+0001
 1.35169038772583E+0001 -7.46408712032394E-0003  5.38284184033473E+0001 -7.46408712032394E-0003  5.38284184033473E+0001 -7.46408712032394E-0003  5.38284184033473E+0001
 1.43361177444458E+0001 -1.16797401595922E-0002  3.19532937121930E+0001 -1.16797401595922E-0002  3.19532937121930E+0001 -1.16797401595922E-0002  3.19532937121930E+0001
 1.51553316116333E+0001  2.36032938037872E-0002  3.86513991999563E+0001  2.36032938037872E-0002  3.86513991999563E+0001  2.36032938037872E-0002  3.86513991999563E+0001
 1.59745454788208E+0001  2.42817743882335E-0002  3.82765888382131E+0001  2.42817743882335E-0002  3.82765888382131E+0001  2.42817743882335E-0002  3.82765888382131E+0001
 1.72033672332764E+0001 -2.86525420305314E-0003  4.59498952876914E+0001 -2.86525420305314E-0003  4.59498952876914E+0001 -2.86525420305314E-0003  4.59498952876914E+0001
 1.88417949676514E+0001 -2.56368367205963E-0002  5.21773339436372E+0001 -2.56368367205963E-0002  5.21773339436372E+0001 -2.56368367205963E-0002  5.21773339436372E+0001
 2.04802227020264E+0001 -3.13641305468585E-0002  3.37605485715210E+0001 -3.13641305468585E-0002  3.37605485715210E+0001 -3.13641305468585E-0002  3.37605485715210E+0001
 2.21186504364014E+0001 -1.64431584488623E-0002  6.48197557214360E+0001 -1.64431584488623E-0002  6.48197557214360E+0001 -1.64431584488623E-0002  6.48197557214360E+0001
 2.37570781707764E+0001 -2.05149266150404E-0002  1.00379799462944E+0002 -2.05149266150404E-0002  1.00379799462944E+0002 -2.05149266150404E-0002  1.00379799462944E+0002
 2.53955059051514E+0001  4.16568896443854E-0004  6.83559850751601E+0001  4.16568896443854E-0004  6.83559850751601E+0001  4.16568896443854E-0004  6.83559850751601E+0001
 2.70339336395264E+0001  5.12517329910863E-0004  5.26828827628866E+0001  5.12517329910863E-0004  5.26828827628866E+0001  5.12517329910863E-0004  5.26828827628866E+0001
 2.86723613739014E+0001 -8.22958628197966E-0003  5.00697446378129E+0001 -8.22958628197966E-0003  5.00697446378129E+0001 -8.22958628197966E-0003  5.00697446378129E+0001
 3.03107891082764E+0001  8.24968112652399E-0003  2.96021368472730E+0001  8.24968112652399E-0003  2.96021368472730E+0001  8.24968112652399E-0003  2.96021368472730E+0001
 3.19492168426514E+0001  1.31099970895834E-0002  2.98224208339810E+0001  1.31099970895834E-0002  2.98224208339810E+0001  1.31099970895834E-0002  2.98224208339810E+0001
 3.44068565368652E+0001 -2.98793979563802E-0002  9.32645563995752E+0001 -2.98793979563802E-0002  9.32645563995752E+0001 -2.98793979563802E-0002  9.32645563995752E+0001
 3.76837120056152E+0001  8.38886320231858E-0003  4.85615023734941E+0001  8.38886320231858E-0003  4.85615023734941E+0001  8.38886320231858E-0003  4.85615023734941E+0001
 4.09605674743652E+0001  3.66243306744853E-0002  1.38650915931885E+0002  3.66243306744853E-0002  1.38650915931885E+0002  3.66243306744853E-0002  1.38650915931885E+0002
 4.42374229431152E+0001  9.14946220252793E-0003  3.24780390582289E+0001  9.14946220252793E-0003  3.24780390582289E+0001  9.14946220252793E-0003  3.24780390582289E+0001
 4.75142784118652E+0001  1.60982159873802E-0002  2.43892156669589E+0001  1.60982159873802E-0002  2.43892156669589E+0001  1.60982159873802E-0002  2.43892156669589E+0001
 5.07911338806152E+0001  9.00378746224160E-0003  5.82946673031535E+0001  9.00378746224160E-0003  5.82946673031535E+0001  9.00378746224160E-0003  5.82946673031535E+0001
 5.40679893493652E+0001 -3.39447900055354E-0002  4.89666085340266E+0001 -3.39447900055354E-0002  4.89666085340266E+0001 -3.39447900055354E-0002  4.89666085340266E+0001
 5.73448448181152E+0001 -9.49618809202776E-0003  4.00913099250194E+0001 -9.49618809202776E-0003  4.00913099250194E+0001 -9.49618809202776E-0003  4.00913099250194E+0001
 6.06217002868652E+0001  2.55523100134796E-0002  4.44411600363076E+0001  2.55523100134796E-0002  4.44411600363076E+0001  2.55523100134796E-0002  4.44411600363076E+0001
 6.38985557556152E+0001  3.38276069703836E-0002  6.61805761588774E+0001  3.38276069703836E-0002  6.61805761588774E+0001  3.38276069703836E-0002  6.61805761588774E+0001
 6.88138427734375E+0001  3.25385127066858E-0002  7.33487060140752E+0001  3.25385127066858E-0002  7.33487060140752E+0001  3.25385127066858E-0002  7.33487060140752E+0001
 7.53675537109375E+0001 -3.31298766997931E-0002  1.37642732759812E+0002 -3.31298766997931E-0002  1.37642732759812E+0002 -3.31298766997931E-0002  1.37642732759812E+0002
 8.19212646484375E+0001 -1.45305466849349E-0003  5.16552588827789E+0001 -1.45305466849349E-0003  5.16552588827789E+0001 -1.45305466849349E-0003  5.16552588827789E+0001
 8.84749755859375E+0001  2.27703175537922E-0003  4.03461337520135E+0001  2.27703175537922E-0003  4.03461337520135E+0001  2.27703175537922E-0003  4.03461337520135E+0001
 9.50286865234375E+0001  1.72942670199639E-0002  6.02671812691781E+0001  1.72942670199639E-0002  6.02671812691781E+0001  1.72942670199639E-0002  6.02671812691781E+0001
 1.01582397460937E+0002  1.99954089317025E-0002  2.79766636249018E+0001  1.99954089317025E-0002  2.79766636249018E+0001  1.99954089317025E-0002  2.79766636249018E+0001
 1.08136108398437E+0002 -7.45000915839431E-0003  5.50794937964342E+0001 -7.45000915839431E-0003  5.50794937964342E+0001 -7.45000915839431E-0003  5.50794937964342E+0001
 1.14689819335937E+0002  6.77524716121275E-0003  6.61914100995562E+0001  6.77524716121275E-0003  6.61914100995562E+0001  6.77524716121275E-0003  6.61914100995562E+0001
 1.21243530273437E+0002 -5.93722044997339E-0003  1.24472119518930E+0002 -5.93722044997339E-0003  1.24472119518930E+0002 -5.93722044997339E-0003  1.24472119518930E+0002
 1.27797241210937E+0002 -1.22570554837610E-0002  8.96518044327725E+0001 -1.22570554837610E-0002  8.96518044327725E+0001 -1.22570554837610E-0002  8.96518044327725E+0001
 1.37627807617188E+0002 -6.61924632227274E-0003  9.03610728804541E+0001 -6.61924632227274E-0003  9.03610728804541E+0001 -6.61924632227274E-0003  9.03610728804541E+0001
 1.50735229492188E+0002  1.64599403614562E-0003  8.55033579696300E+0001  1.64599403614562E-0003  8.55033579696300E+0001  1.64599403614562E-0003  8.55033579696300E+0001
 1.63842651367188E+0002 -9.06271472505615E-0004  5.89851840358728E+0001 -9.06271472505615E-0004  5.89851840358728E+0001 -9.06271472505615E-0004  5.89851840358728E+0001
 1.76950073242188E+0002  8.90604822966676E-0004  1.25882215841960E+0002  8.90604822966676E-0004  1.25882215841960E+0002  8.90604822966676E-0004  1.25882215841960E+0002
 1.90057495117188E+0002  1.48724625034999E-0002  1.07941399174019E+0002  1.48724625034999E-0002  1.07941399174019E+0002  1.48724625034999E-0002  1.07941399174019E+0002
 2.03164916992188E+0002  1.35322468808164E-0002  6.29878716660562E+0001  1.35322468808164E-0002  6.29878716660562E+0001  1.35322468808164E-0002  6.29878716660562E+0001
 2.16272338867188E+0002 -4.54786255919122E-0003  1.81024073262144E+0002 -4.54786255919122E-0003  1.81024073262144E+0002 -4.54786255919122E-0003  1.81024073262144E+0002
 2.29379760742188E+0002 -8.29461501154953E-0003  1.11568958526938E+0002 -8.29461501154953E-0003  1.11568958526938E+0002 -8.29461501154953E-0003  1.11568958526938E+0002
 2.42487182617188E+0002 -7.99583796739316E-0003  6.67349949961142E+0001 -7.99583796739316E-0003  6.67349949961142E+0001 -7.99583796739316E-0003  6.67349949961142E+0001
 2.55594604492188E+0002 -9.15654819620821E-0003  1.08444685362492E+0002 -9.15654819620821E-0003  1.08444685362492E+0002 -9.15654819620821E-0003  1.08444685362492E+0002
 2.75255737304688E+0002 -3.41340218197603E-0003  1.49014337393424E+0002 -3.41340218197603E-0003  1.49014337393424E+0002 -3.41340218197603E-0003  1.49014337393424E+0002
 3.01470581054688E+0002  2.53133932928434E-0003  8.04798548646510E+0001  2.53133932928434E-0003  8.04798548646510E+0001  2.53133932928434E-0003  8.04798548646510E+0001
 3.27685424804688E+0002  2.72923113794751E-0003  6.02952604759887E+0001  2.72923113794751E-0003  6.02952604759887E+0001  2.72923113794751E-0003  6.02952604759887E+0001
 3.53900268554688E+0002  1.18216820818625E-0002  7.51759036333517E+0001  1.18216820818625E-0002  7.51759036333517E+0001  1.18216820818625E-0002  7.51759036333517E+0001
 3.80115112304688E+0002 -4.06038749148257E-0003  7.84665453427970E+0001 -4.06038749148257E-0003  7.84665453427970E+0001 -4.06038749148257E-0003  7.84665453427970E+0001
 4.06329956054688E+0002  7.95098912266392E-0003  8.52252289741308E+0001  7.95098912266392E-0003  8.52252289741308E+0001  7.95098912266392E-0003  8.52252289741308E+0001
 4.32544799804688E+0002 -9.01370080913520E-0003  1.15688870873300E+0002 -9.01370080913520E-0003  1.15688870873300E+0002 -9.01370080913520E-0003  1.15688870873300E+0002
 4.58759643554688E+0002 -1.91895616660811E-0002  7.69138597623952E+0001 -1.91895616660811E-0002  7.69138597623952E+0001 -1.91895616660811E-0002  7.69138597623952E+0001
 4.84974487304688E+0002 -3.01720233577362E-0003  7.77818459438037E+0001 -3.01720233577362E-0003  7.77818459438037E+0001 -3.01720233577362E-0003  7.77818459438037E+0001
 5.11189331054688E+0002 -8.52009398258722E-0003  6.25817181363722E+0001 -8.52009398258722E-0003  6.25817181363722E+0001 -8.52009398258722E-0003  6.25817181363722E+0001
 5.50511596679688E+0002 -1.16261996376046E-0002  6.80087847273365E+0001 -1.16261996376046E-0002  6.80087847273365E+0001 -1.16261996376046E-0002  6.80087847273365E+0001
 6.02941284179688E+0002 -8.18471397006572E-0003  7.30547029444486E+0001 -8.18471397006572E-0003  7.30547029444486E+0001 -8.18471397006572E-0003  7.30547029444486E+0001
 6.55370971679688E+0002 -3.78676024255883E-0003  1.55427196465077E+0002 -3.78676024255883E-0003  1.55427196465077E+0002 -3.78676024255883E-0003  1.55427196465077E+0002
 7.07800659179688E+0002  5.93384271243332E-0003  6.01348434401450E+0001  5.93384271243332E-0003  6.01348434401450E+0001  5.93384271243332E-0003  6.01348434401450E+0001
 7.60230346679688E+0002 -5.84159199877700E-0003  8.65891408034302E+0001 -5.84159199877700E-0003  8.65891408034302E+0001 -5.84159199877700E-0003  8.65891408034302E+0001
 8.12660034179688E+0002 -1.91772969441440E-0002  8.87683629034221E+0001 -1.91772969441440E-0002  8.87683629034221E+0001 -1.91772969441440E-0002  8.87683629034221E+0001
 8.65089721679688E+0002 -2.89292684274661E-0002  6.58662906905479E+0001 -2.89292684274661E-0002  6.58662906905479E+0001 -2.89292684274661E-0002  6.58662906905479E+0001
 9.17519409179688E+0002 -5.55086611495354E-0003  8.54754426065863E+0001 -5.55086611495354E-0003  8.54754426065863E+0001 -5.55086611495354E-0003  8.54754426065863E+0001
 9.69949096679688E+0002 -1.81300713324697E-0002  6.65573817035954E+0001 -1.81300713324697E-0002  6.65573817035954E+0001 -1.81300713324697E-0002  6.65573817035954E+0001
 1.02237878417968E+0003 -1.74867303321699E-0002  9.79551126252724E+0001 -1.74867303321699E-0002  9.79551126252724E+0001 -1.74867303321699E-0002  9.79551126252724E+0001
 1.10102331542969E+0003 -1.69928031227381E-0002  7.16194516611227E+0001 -1.69928031227381E-0002  7.16194516611227E+0001 -1.69928031227381E-0002  7.16194516611227E+0001
 1.20588269042969E+0003 -2.05342325293428E-0002  6.33494455628911E+0001 -2.05342325293428E-0002  6.33494455628911E+0001 -2.05342325293428E-0002  6.33494455628911E+0001
 1.31074206542969E+0003 -1.04323397561174E-0002  1.24536772571511E+0002 -1.04323397561174E-0002  1.24536772571511E+0002 -1.04323397561174E-0002  1.24536772571511E+0002
 1.41560144042969E+0003 -1.58203710752355E-0003  1.01767247857970E+0002 -1.58203710752355E-0003  1.01767247857970E+0002 -1.58203710752355E-0003  1.01767247857970E+0002
 1.52046081542969E+0003 -1.11115423961534E-0002  8.06790071739235E+0001 -1.11115423961534E-0002  8.06790071739235E+0001 -1.11115423961534E-0002  8.06790071739235E+0001
 1.62532019042969E+0003 -1.03282863722685E-0002  1.23163032623094E+0002 -1.03282863722685E-0002  1.23163032623094E+0002 -1.03282863722685E-0002  1.23163032623094E+0002
 1.73017956542969E+0003 -3.83359810748747E-0003  1.63706279142580E+0002 -3.83359810748747E-0003  1.63706279142580E+0002 -3.83359810748747E-0003  1.63706279142580E+0002
 1.83503894042969E+0003 -4.89312572569711E-0003  2.12484081297037E+0002 -4.89312572569711E-0003  2.12484081297037E+0002 -4.89312572569711E-0003  2.12484081297037E+0002
 1.93989831542969E+0003  2.89116848348977E-0002  7.43638605602601E+0001  2.89116848348977E-0002  7.43638605602601E+0001  2.89116848348977E-0002  7.43638605602601E+0001
 2.04475769042969E+0003  1.48953112371374E-0002  8.41279573595244E+0001  1.48953112371374E-0002  8.41279573595244E+0001  1.48953112371374E-0002  8.41279573595244E+0001
 2.20204687500000E+0003 -1.93903572994260E-0003  6.11463406536312E+0001 -1.93903572994260E-0003  6.11463406536312E+0001 -1.93903572994260E-0003  6.11463406536312E+0001
 2.41176562500000E+0003 -7.70737213640977E-0003  6.53390739761927E+0001 -7.70737213640977E-0003  6.53390739761927E+0001 -7.70737213640977E-0003  6.53390739761927E+0001
 2.62148437500000E+0003 -7.76955688786271E-0003  1.57217176132551E+0002 -7.76955688786271E-0003  1.57217176132551E+0002 -7.76955688786271E-0003  1.57217176132551E+0002
 2.83120312500000E+0003  3.83499417176687E-0003  1.05465033361734E+0002  3.83499417176687E-0003  1.05465033361734E+0002  3.83499417176687E-0003  1.05465033361734E+0002
 3.04092187500000E+0003  5.81003461292143E-0003  1.16291968759921E+0002  5.81003461292143E-0003  1.16291968759921E+0002  5.81003461292143E-0003  1.16291968759921E+0002
 3.25064062500000E+0003  2.71737909798522E-0002  5.00323747552692E+0001  2.71737909798522E-0002  5.00323747552692E+0001  2.71737909798522E-0002  5.00323747552692E+0001
 3.46035937500000E+0003  6.81087963157107E-0003  8.07447718879208E+0001  6.81087963157107E-0003  8.07447718879208E+0001  6.81087963157107E-0003  8.07447718879208E+0001
 3.67007812500000E+0003  2.46553819559315E-0003  6.72217391253296E+0001  2.46553819559315E-0003  6.72217391253296E+0001  2.46553819559315E-0003  6.72217391253296E+0001
 3.87979687500000E+0003  2.13670090113952E-0002  5.82712106406648E+0001  2.13670090113952E-0002  5.82712106406648E+0001  2.13670090113952E-0002  5.82712106406648E+0001
 4.08951562500000E+0003  3.58177266881579E-0002  3.87447785586487E+0001  3.58177266881579E-0002  3.87447785586487E+0001  3.58177266881579E-0002  3.87447785586487E+0001
 4.40409375000000E+0003  6.58177122440597E-0002  2.60893000201643E+0001  6.58177122440597E-0002  2.60893000201643E+0001  6.58177122440597E-0002  2.60893000201643E+0001
 4.82353125000000E+0003  1.00275219700462E-0001  3.19494387021298E+0001  1.00275219700462E-0001  3.19494387021298E+0001  1.00275219700462E-0001  3.19494387021298E+0001
 5.24296875000000E+0003  3.51533496803449E-0002  7.61306111788605E+0000  3.51533496803449E-0002  7.61306111788605E+0000  3.51533496803449E-0002  7.61306111788605E+0000
 5.66240625000000E+0003 -1.00000000000000E+0000  1.02158468623139E+0001 -1.00000000000000E+0000  1.02158468623139E+0001 -1.00000000000000E+0000  1.02158468623139E+0001
 6.08184375000000E+0003 -1.00000000000000E+0000  1.02158468623139E+0001 -1.00000000000000E+0000  1.02158468623139E+0001 -1.00000000000000E+0000  1.02158468623139E+0001
 6.50128125000000E+0003 -1.00000000000000E+0000  1.02158468623139E+0001 -1.00000000000000E+0000  1.02158468623139E+0001 -1.00000000000000E+0000  1.02158468623139E+0001
 6.92071875000000E+0003 -1.00000000000000E+0000  1.02158468623139E+0001 -1.00000000000000E+0000  1.02158468623139E+0001 -1.00000000000000E+0000  1.02158468623139E+0001
 7.34015625000000E+0003 -1.00000000000000E+0000  1.02158468623139E+0001 -1.00000000000000E+0000  1.02158468623139E+0001 -1.00000000000000E+0000  1.02158468623139E+0001
 7.75959375000000E+0003 -1.00000000000000E+0000  1.02158468623139E+0001 -1.00000000000000E+0000  1.02158468623139E+0001 -1.00000000000000E+0000  1.02158468623139E+0001
 8.17903125000000E+0003 -1.00000000000000E+0000  1.02158468623139E+0001 -1.00000000000000E+0000  1.02158468623139E+0001 -1.00000000000000E+0000  1.02158468623139E+0001
